1	2	3	4	.	3
2	.	3	5	.	4
3	3	4	4	.	4
4	1	3	3	.	.
5	5	5	1	.	2
6	5	5	.	.	.
7	1	3	5	.	4
8	4	4	2	.	1
9	1	1	5	.	3
10	3	3	4	.	2
11	3	4	5	.	4
12	4	4	3	.	4
13	4	4	3	.	3
14	4	3	4	.	4
15	4	3	3	.	4
16	4	4	4	.	1
17	4	5	3	.	2
18	4	4	3	.	3
19	4	5	4	.	1
20	2	3	4	.	.
21	3	4	5	.	1
22	3	3	4	.	4
23	.	2	5	.	.
24	3	3	3	.	4
25	2	3	3	.	1
26	2	3	4	.	1
27	3	3	3	.	3
28	2	4	5	.	1
29	4	3	3	.	4
30	3	2	5	.	2
31	5	3	4	.	1
32	4	4	3	.	2
33	3	2	4	.	3
34	5	5	5	.	3
35	4	5	4	.	1
36	5	4	1	.	2
37	3	5	1	.	.
38	3	.	4	.	3
39	3	4	4	.	2
40	1	2	1	.	2
41	3	3	3	.	1
42	2	4	4	.	1
43	3	3	4	.	3
44	4	5	3	.	4
45	2	3	4	.	1
46	3	2	4	.	1
47	3	3	1	.	4
48	3	3	3	.	4
49	1	1	5	.	4
50	2	1	4	.	1
51	2	4	5	.	4
52	5	5	5	.	4
53	1	3	2	.	4
54	4	4	3	.	1
55	4	4	3	.	1
56	5	5	5	.	1
57	3	4	5	.	.
58	.	.	1	.	3
59	1	2	5	.	4
60	1	3	5	.	4
61	3	3	5	.	4
62	3	3	4	.	1
63	2	4	5	.	4
64	3	3	4	.	1
65	3	4	4	.	1
66	3	4	5	.	3
67	2	4	4	.	3
68	2	2	5	.	1
69	3	4	4	.	4
70	4	3	3	.	4
71	4	5	3	.	1
72	4	4	5	.	4
73	3	2	3	.	3
74	.	.	1	.	.
75	4	4	4	.	.
76	5	4	4	.	4
77	1	3	5	.	1
78	2	4	5	.	4
79	5	3	5	.	4
80	4	4	5	.	3
81	3	1	3	.	4
82	3	4	3	.	1
83	4	2	5	.	3
84	4	3	4	.	4
85	2	2	4	.	2
86	2	4	4	.	4
87	3	4	5	.	3
88	3	2	3	.	4
89	5	4	4	.	.
90	1	3	4	.	4
91	1	2	5	.	4
92	2	3	3	.	1
93	1	2	5	.	4
94	3	3	3	.	2
95	3	5	4	.	.
96	1	2	5	.	3
97	5	.	1	.	4
98	2	2	4	.	3
99	5	5	4	.	4
100	5	4	4	.	3
101	2	2	4	.	.
102	4	5	4	.	1
103	4	3	3	.	4
104	2	2	3	.	1
105	1	3	3	.	1
106	2	2	5	.	3
107	5	5	3	.	3
108	2	4	5	.	4
109	3	3	4	.	4
110	5	5	5	.	1
111	1	4	1	.	1
112	5	.	.	.	1
113	3	3	5	.	4
114	5	4	3	.	1
115	5	4	4	.	2
116	5	5	1	.	.
117	1	3	2	.	4
118	2	2	5	.	2
119	4	5	4	.	2
120	5	4	2	.	4
121	4	4	3	.	.
122	4	3	4	.	1
123	4	3	5	.	1
124	3	2	4	.	4
125	2	2	5	.	3
126	4	5	3	.	.
127	.	.	2	.	1
128	3	3	4	.	3
129	.	3	5	.	4
130	1	1	5	.	4
131	5	5	5	.	1
132	3	4	2	.	4
133	1	1	5	.	3
134	3	1	5	.	4
135	5	4	5	.	3
136	3	3	4	.	3
137	2	2	5	.	3
138	4	1	5	.	4
139	1	2	5	.	3
140	3	3	5	.	.
141	5	4	4	.	1
142	2	3	3	.	1
143	4	3	4	.	4
144	5	4	4	.	1
145	4	4	5	.	4
146	3	3	3	.	.
147	.	3	3	.	4
148	3	3	3	.	4
149	4	2	5	.	1
150	5	5	5	.	1
151	3	3	3	.	1
152	3	5	4	.	1
153	4	4	2	.	3
154	5	5	4	.	3
155	5	3	5	.	1
156	5	5	5	.	1
157	2	2	5	.	4
158	5	5	.	.	1
159	1	2	4	.	4
160	4	4	4	.	1
161	2	1	5	.	4
162	5	3	3	.	1
163	3	1	5	.	4
164	1	1	5	.	4
165	3	4	2	.	2
166	4	4	4	.	4
167	2	3	5	.	1
168	5	3	5	.	4
169	3	3	3	.	4
170	1	1	5	.	4
171	1	1	4	.	2
172	3	3	5	.	1
173	4	2	4	.	2
174	1	1	4	.	3
175	4	4	3	.	1
176	.	.	5	.	3
177	5	5	5	.	4
178	1	1	5	.	3
179	3	4	3	.	4
180	2	2	5	.	3
181	5	5	5	.	1
182	2	2	4	.	3
183	2	4	3	.	4
184	5	5	5	.	4
185	4	4	5	.	3
186	2	3	5	.	3
187	1	5	5	.	3
188	3	4	5	.	1
189	1	1	5	.	3
190	1	3	5	.	4
191	2	3	4	.	3
192	4	4	5	.	4
193	2	3	2	.	4
194	3	3	5	.	2
195	3	4	4	.	3
196	2	4	4	.	4
197	3	3	3	.	4
198	4	5	5	.	4
199	3	3	5	.	1
200	2	4	4	.	4
201	5	5	2	.	4
202	1	3	4	.	3
203	2	3	5	.	2
204	2	5	4	.	4
205	3	4	4	.	4
206	3	2	4	.	2
207	4	4	2	.	3
208	2	2	4	.	3
209	3	3	3	.	4
210	5	4	5	.	2
211	4	4	4	.	4
212	3	3	3	.	1
213	5	5	5	.	4
214	2	5	3	.	1
215	3	3	5	.	4
216	4	3	5	.	4
217	4	4	4	.	4
218	1	3	3	.	2
219	4	4	3	.	4
220	4	5	3	.	2
221	2	3	4	.	4
222	2	4	4	.	4
223	5	4	4	.	3
224	4	4	4	.	.
225	5	1	4	.	4
226	3	4	4	.	4
227	4	4	3	.	3
228	3	3	5	.	3
229	3	1	4	.	2
230	3	4	4	.	4
231	1	1	5	.	4
232	3	4	4	.	2
233	5	4	5	.	2
234	5	4	3	.	1
235	4	4	4	.	4
236	5	5	3	.	1
237	4	4	4	.	1
238	4	4	4	.	3
239	3	4	4	.	4
240	3	4	4	.	4
241	4	4	4	.	2
242	4	2	5	.	3
243	1	1	3	.	4
244	3	3	5	.	4
245	5	2	5	.	.
246	5	5	2	.	4
247	3	3	5	.	2
248	5	3	5	.	3
249	5	3	3	.	3
250	5	5	5	.	4
251	2	2	4	.	4
252	1	2	4	.	3
253	.	.	4	.	3
254	3	3	3	.	1
255	5	5	3	.	1
256	5	5	5	.	4
257	2	4	4	.	4
258	3	1	4	.	4
259	3	2	5	.	2
260	5	5	5	.	1
261	.	1	5	.	3
262	5	5	4	.	1
263	3	3	5	.	1
264	2	2	2	.	4
265	4	3	3	.	4
266	3	4	4	.	4
267	1	5	5	.	3
268	2	2	5	.	1
269	3	4	4	.	1
270	4	3	4	.	.
271	2	2	5	.	3
272	3	4	4	.	1
273	1	3	5	.	4
274	4	4	4	.	3
275	2	3	2	.	4
276	1	4	4	.	.
277	4	3	5	.	4
278	2	2	5	.	4
279	1	4	5	.	1
280	3	3	5	.	4
281	3	2	5	.	4
282	3	5	5	.	3
283	2	5	2	.	3
284	2	4	5	.	3
285	3	4	5	.	3
286	2	3	3	.	3
287	4	5	3	.	3
288	5	5	4	.	.
289	2	3	2	.	3
290	3	3	3	.	4
291	4	4	4	.	1
292	3	3	4	.	1
293	2	4	3	.	.
294	1	3	5	.	4
295	5	4	4	.	4
296	.	.	.	.	.
297	2	4	5	.	4
298	4	3	4	.	4
299	2	.	.	.	1
300	.	4	5	.	1
301	1	3	5	.	1
302	4	4	3	.	1
303	.	.	5	.	.
304	3	3	3	.	1
305	3	2	5	.	1
306	1	3	3	.	4
307	1	1	5	.	3
308	5	5	5	.	4
309	3	3	5	.	.
310	4	4	5	.	2
311	5	4	5	.	1
312	3	3	3	.	4
313	3	2	3	.	.
314	3	4	5	.	2
315	5	3	5	.	3
316	5	3	5	.	1
317	1	1	3	.	4
318	.	1	5	.	.
319	3	4	5	.	1
320	3	5	5	.	4
321	4	1	3	.	1
322	4	3	4	.	3
323	4	4	3	.	3
324	1	2	3	.	4
325	2	3	3	.	4
326	2	3	5	.	1
327	1	4	4	.	4
328	5	4	4	.	3
329	3	4	5	.	4
330	2	3	4	.	1
331	3	3	3	.	3
332	1	2	5	.	4
333	3	2	3	.	3
334	5	3	2	.	1
335	3	2	3	.	3
336	3	3	3	.	3
337	3	4	5	.	1
338	4	4	2	.	4
339	.	3	2	.	.
340	3	2	5	.	3
341	5	5	3	.	1
342	3	2	3	.	4
343	1	3	4	.	3
344	1	3	4	.	4
345	4	3	3	.	3
346	5	5	1	.	3
347	3	4	5	.	2
348	2	1	5	.	4
349	3	3	3	.	1
350	4	4	4	.	1
351	4	5	4	.	1
352	5	5	5	.	1
353	3	3	5	.	.
354	2	5	1	.	2
355	5	3	3	.	1
356	3	4	5	.	1
357	5	5	2	.	1
358	4	4	4	.	3
359	1	1	4	.	4
360	3	3	3	.	4
361	3	4	5	.	4
362	3	4	4	.	4
363	.	3	3	.	3
364	3	3	5	.	4
365	1	1	3	.	4
366	3	4	5	.	4
367	.	3	4	.	3
368	5	3	3	.	3
369	1	3	3	.	2
370	3	5	4	.	1
371	3	4	3	.	1
372	5	5	3	.	4
373	4	4	3	.	3
374	2	3	3	.	3
375	2	2	4	.	3
376	4	4	3	.	2
377	4	4	3	.	1
378	5	5	4	.	1
379	5	5	3	.	4
380	5	5	3	.	4
381	4	5	4	.	2
382	.	4	3	.	4
383	3	2	4	.	3
384	5	4	3	.	3
385	2	3	4	.	3
386	4	4	4	.	1
387	3	3	4	.	4
388	.	4	3	.	4
389	5	4	3	.	1
390	4	4	5	.	2
391	5	3	4	.	2
392	2	2	3	.	1
393	.	4	4	.	4
394	3	4	4	.	1
395	5	5	4	.	1
396	4	4	3	.	2
397	5	4	2	.	3
398	3	4	4	.	3
399	5	5	4	.	.
400	3	4	3	.	4
401	4	1	4	.	3
402	5	5	3	.	1
403	.	.	5	.	4
404	2	3	5	.	4
405	1	1	5	.	4
406	5	3	4	.	3
407	4	3	4	.	4
408	4	4	4	.	3
409	3	3	5	.	1
410	1	3	3	.	2
411	5	5	5	.	1
412	3	3	3	.	2
413	.	5	3	.	2
414	2	4	4	.	1
415	3	3	4	.	2
416	3	5	3	.	3
417	2	2	5	.	2
418	3	3	4	.	1
419	5	.	3	.	.
420	3	4	3	.	1
421	3	3	4	.	4
422	3	4	5	.	.
423	3	3	5	.	1
424	5	5	1	.	4
425	3	3	5	.	4
426	.	3	5	.	4
427	3	3	4	.	4
428	1	4	5	.	1
429	3	4	4	.	1
430	2	3	3	.	4
431	5	5	1	.	4
432	3	3	4	.	4
433	.	.	5	.	4
434	1	3	4	.	3
435	3	4	3	.	1
436	4	3	4	.	4
437	4	4	3	.	4
438	3	5	3	.	3
439	5	5	3	.	1
440	1	2	5	.	4
441	.	.	4	.	4
442	1	.	4	.	3
443	.	.	3	.	3
444	.	5	3	.	1
445	3	4	5	.	2
446	1	3	5	.	2
447	5	4	3	.	1
448	1	3	5	.	4
449	4	4	3	.	2
450	4	4	3	.	1
451	.	3	5	.	1
452	4	4	4	.	4
453	5	5	2	.	3
454	4	5	4	.	1
455	3	3	5	.	3
456	2	3	3	.	4
457	3	2	4	.	3
458	1	2	4	.	3
459	2	3	5	.	1
460	4	2	5	.	1
461	.	4	5	.	4
462	1	1	5	.	4
463	5	5	2	.	.
464	3	5	3	.	4
465	5	4	2	.	3
466	3	3	3	.	3
467	5	5	2	.	4
468	3	1	5	.	4
469	3	3	3	.	4
470	5	5	1	.	1
471	3	3	5	.	.
472	1	1	5	.	4
473	1	3	3	.	4
474	4	3	3	.	1
475	5	3	5	.	3
476	4	2	2	.	.
477	5	4	5	.	1
478	4	4	4	.	1
479	1	1	4	.	1
480	3	3	4	.	3
481	5	5	3	.	4
482	5	5	5	.	1
483	3	4	4	.	4
484	4	4	3	.	4
485	1	2	4	.	1
486	5	2	5	.	3
487	3	3	5	.	2
488	5	2	5	.	1
489	3	.	4	.	1
490	1	1	3	.	1
491	2	2	5	.	1
492	2	.	4	.	2
493	3	3	3	.	2
494	1	3	5	.	4
495	2	3	4	.	4
496	4	4	3	.	4
497	2	1	4	.	3
498	4	4	3	.	1
499	1	4	4	.	.
500	4	3	4	.	4
501	2	2	5	.	3
502	2	4	3	.	1
503	3	4	2	.	1
504	.	4	2	.	3
505	.	3	4	.	2
506	4	.	4	.	4
507	3	2	4	.	4
508	1	5	1	.	3
509	3	3	4	.	3
510	2	2	4	.	3
511	3	4	3	.	1
512	4	4	4	.	4
513	5	4	4	.	3
514	1	3	4	.	4
515	2	4	4	.	3
516	5	5	4	.	4
517	5	5	.	.	4
518	4	3	4	.	4
519	1	3	5	.	3
520	3	3	2	.	4
521	5	5	5	.	1
522	5	2	3	.	.
523	5	4	5	.	4
524	5	2	2	.	2
525	4	4	4	.	1
526	5	5	3	.	.
527	4	2	2	.	4
528	5	5	5	.	1
529	3	.	4	.	4
530	4	4	5	.	2
531	2	3	4	.	3
532	4	3	5	.	.
533	5	5	1	.	1
534	5	1	1	.	1
535	4	4	3	.	4
536	2	3	2	.	1
537	3	3	2	.	3
538	.	2	3	.	1
539	5	4	4	.	4
540	3	5	1	.	4
541	3	4	5	.	1
542	4	3	5	.	1
543	4	4	4	.	1
544	1	1	5	.	1
545	5	4	4	.	4
546	2	3	3	.	3
547	3	4	3	.	4
548	1	1	5	.	4
549	4	3	3	.	4
550	2	3	1	.	2
551	5	3	1	.	.
552	1	3	5	.	4
553	1	3	4	.	2
554	5	5	1	.	4
555	3	3	3	.	4
556	4	5	3	.	1
557	4	4	5	.	4
558	5	5	1	.	1
559	4	5	3	.	1
560	3	3	3	.	4
561	3	3	5	.	1
562	3	3	4	.	3
563	3	3	3	.	4
564	4	1	4	.	1
565	2	3	4	.	4
566	5	2	4	.	1
567	1	2	5	.	4
568	3	3	3	.	1
569	4	4	5	.	3
570	5	4	2	.	4
571	5	2	5	.	3
572	3	3	5	.	4
573	1	4	4	.	3
574	5	3	1	.	.
575	5	5	1	.	1
576	3	4	4	.	4
577	1	1	5	.	3
578	5	5	5	.	1
579	2	3	3	.	1
580	1	1	5	.	1
581	5	1	5	.	3
582	4	3	3	.	1
583	2	3	3	.	1
584	5	4	5	.	1
585	3	5	3	.	1
586	2	2	4	.	4
587	3	3	4	.	4
588	4	4	5	.	.
589	5	4	5	.	4
590	3	3	4	.	4
591	3	2	5	.	3
592	5	5	4	.	4
593	5	2	4	.	1
594	4	3	3	.	4
595	2	2	5	.	4
596	5	4	4	.	1
597	.	.	4	.	3
598	5	4	5	.	.
599	5	3	3	.	1
600	4	4	5	.	4
601	1	1	5	.	3
602	5	3	4	.	1
603	1	2	5	.	4
604	1	1	4	.	3
605	4	4	3	.	1
606	1	3	5	.	1
607	2	4	5	.	1
608	1	4	3	.	4
609	3	4	5	.	1
610	3	5	3	.	3
611	2	5	3	.	1
612	1	4	2	.	4
613	2	3	3	.	.
614	.	3	.	.	4
615	1	1	5	.	3
616	1	3	5	.	3
617	3	3	3	.	1
618	3	4	4	.	2
619	2	.	5	.	4
620	2	3	4	.	1
621	5	4	4	.	1
622	5	3	5	.	4
623	.	3	5	.	.
624	3	2	5	.	1
625	2	2	4	.	3
626	3	4	3	.	1
627	4	3	5	.	1
628	3	3	5	.	1
629	4	3	3	.	1
630	.	3	4	.	.
631	3	3	4	.	1
632	4	4	4	.	1
633	3	3	5	.	1
634	2	3	3	.	1
635	1	1	4	.	3
636	5	1	.	.	.
637	4	5	3	.	1
638	4	5	.	.	1
639	4	4	2	.	1
640	4	3	5	.	1
641	.	.	4	.	4
642	3	5	5	.	1
643	2	3	5	.	3
644	3	3	4	.	1
645	3	3	4	.	4
646	3	3	4	.	4
647	1	1	5	.	4
648	5	3	5	.	1
649	5	5	5	.	1
650	4	3	4	.	4
651	4	5	4	.	4
652	3	3	1	.	3
653	1	3	5	.	4
654	1	3	4	.	1
655	4	4	4	.	4
656	2	2	5	.	4
657	4	4	5	.	4
658	3	3	3	.	4
659	4	4	2	.	4
660	3	2	5	.	4
661	2	2	5	.	1
662	3	2	4	.	4
663	2	3	3	.	4
664	3	4	5	.	4
665	3	4	4	.	2
666	1	1	3	.	4
667	4	5	3	.	.
668	5	1	5	.	4
669	3	3	4	.	.
670	3	3	4	.	3
671	5	5	.	.	3
672	3	4	5	.	2
673	3	3	3	.	1
674	3	2	5	.	3
675	2	3	4	.	3
676	5	4	4	.	4
677	3	3	3	.	1
678	1	1	5	.	.
679	3	5	3	.	2
680	1	2	4	.	4
681	.	5	.	.	3
682	3	5	3	.	1
683	5	5	4	.	1
684	1	1	3	.	1
685	1	5	3	.	4
686	5	5	3	.	1
687	5	3	5	.	1
688	5	5	5	.	2
689	4	3	5	.	4
690	3	1	5	.	4
691	2	3	5	.	3
692	4	4	3	.	3
693	1	4	4	.	4
694	3	4	5	.	4
695	3	3	4	.	3
696	5	5	4	.	4
697	3	4	4	.	.
698	3	4	3	.	.
699	2	4	4	.	4
700	2	4	5	.	3
701	.	.	3	.	3
702	.	4	3	.	4
703	5	4	3	.	1
704	4	4	5	.	4
705	3	3	4	.	4
706	3	3	3	.	3
707	1	2	5	.	4
708	5	5	5	.	3
709	2	4	5	.	4
710	5	5	3	.	2
711	4	4	4	.	4
712	3	3	3	.	3
713	2	2	4	.	2
714	3	4	3	.	4
715	2	3	3	.	4
716	5	4	2	.	4
717	5	5	2	.	.
718	3	2	4	.	3
719	2	3	4	.	3
720	3	3	3	.	1
721	4	5	3	.	.
722	2	4	3	.	1
723	4	4	4	.	2
724	5	5	2	.	1
725	5	4	3	.	1
726	4	4	3	.	1
727	4	4	4	.	1
728	4	4	4	.	4
729	2	2	5	.	1
730	4	4	3	.	3
731	.	5	4	.	1
732	4	3	4	.	1
733	1	3	4	.	3
734	3	4	4	.	1
735	.	4	4	.	4
736	3	3	3	.	3
737	3	3	4	.	1
738	2	3	4	.	1
739	5	3	4	.	4
740	4	5	4	.	1
741	3	5	4	.	4
742	2	5	2	.	4
743	.	4	4	.	3
744	4	4	4	.	1
745	.	4	4	.	4
746	5	5	4	.	4
747	4	4	5	.	3
748	3	5	4	.	3
749	3	3	4	.	4
750	5	4	5	.	4
751	4	4	4	.	3
752	3	3	3	.	4
753	1	1	5	.	1
754	5	5	5	.	3
755	5	4	4	.	4
756	4	4	4	.	4
757	2	3	3	.	2
758	4	4	3	.	1
759	3	3	3	.	3
760	.	4	4	.	1
761	4	4	3	.	4
762	5	5	4	.	1
763	3	5	2	.	2
764	5	3	3	.	2
765	3	3	5	.	4
766	.	3	5	.	1
767	.	3	5	.	4
768	4	4	4	.	4
769	2	4	5	.	1
770	2	4	3	.	.
771	4	4	5	.	4
772	.	3	5	.	3
773	5	4	3	.	2
774	3	2	4	.	1
775	4	4	4	.	1
776	2	4	3	.	4
777	5	5	4	.	1
778	3	5	5	.	4
779	1	.	5	.	3
780	1	4	5	.	4
781	4	4	3	.	1
782	2	3	4	.	4
783	5	5	2	.	3
784	3	.	4	.	3
785	4	3	4	.	1
786	4	4	4	.	4
787	4	5	4	.	1
788	3	4	4	.	3
789	3	3	4	.	1
790	.	5	5	.	1
791	3	5	2	.	3
792	3	4	5	.	4
793	1	3	5	.	4
794	4	5	3	.	4
795	3	3	3	.	2
796	3	4	4	.	4
797	5	5	4	.	2
798	3	4	4	.	1
799	3	3	5	.	3
800	3	4	4	.	1
801	3	4	3	.	1
802	1	3	4	.	3
803	4	5	5	.	1
804	1	1	5	.	3
805	4	4	4	.	4
806	.	5	3	.	3
807	.	.	5	.	1
808	3	3	4	.	4
809	2	.	5	.	4
810	4	4	4	.	4
811	5	5	2	.	1
812	5	3	5	.	4
813	3	4	4	.	1
814	1	2	5	.	4
815	4	2	5	.	4
816	5	3	3	.	1
817	3	1	5	.	2
818	5	5	5	.	1
819	2	1	5	.	1
820	2	4	4	.	.
821	.	5	5	.	1
822	3	3	5	.	1
823	4	4	5	.	2
824	.	4	5	.	1
825	.	5	3	.	3
826	1	2	5	.	1
827	3	3	5	.	3
828	3	5	5	.	4
829	3	2	5	.	1
830	1	4	4	.	4
831	.	.	5	.	1
832	5	5	1	.	1
833	3	3	5	.	1
834	3	4	4	.	4
835	3	4	2	.	3
836	.	5	4	.	1
837	.	3	5	.	4
838	1	1	4	.	1
839	3	3	5	.	4
840	1	4	4	.	4
841	2	3	4	.	1
842	1	2	5	.	4
843	.	3	4	.	4
844	1	3	5	.	4
845	1	5	4	.	1
846	5	5	2	.	3
847	3	2	3	.	3
848	4	2	3	.	4
849	2	2	3	.	4
850	1	2	4	.	4
851	1	3	5	.	1
852	2	3	5	.	4
853	2	2	2	.	4
854	3	2	4	.	4
855	4	4	4	.	4
856	1	1	1	.	3
857	3	3	5	.	4
858	5	.	3	.	.
859	5	4	2	.	1
860	4	3	4	.	2
861	4	2	4	.	1
862	5	4	3	.	3
863	3	3	4	.	2
864	1	1	2	.	4
865	5	5	2	.	3
866	.	3	5	.	4
867	5	4	4	.	3
868	1	2	3	.	4
869	2	4	5	.	4
870	5	5	3	.	1
871	4	4	4	.	1
872	4	4	3	.	3
873	2	4	3	.	4
874	4	4	4	.	4
875	2	2	5	.	1
876	5	4	1	.	1
877	3	5	3	.	2
878	3	4	4	.	.
879	4	3	5	.	3
880	.	.	2	.	.
881	5	5	.	.	.
882	5	5	5	.	1
883	4	4	5	.	4
884	.	5	.	.	1
885	4	4	4	.	1
886	5	5	2	.	4
887	4	4	5	.	3
888	4	4	4	.	1
889	5	4	3	.	4
890	4	4	2	.	4
891	.	5	5	.	3
892	3	3	4	.	4
893	5	3	5	.	4
894	2	3	3	.	4
895	4	4	5	.	1
896	3	3	5	.	1
897	5	4	3	.	4
898	4	3	5	.	4
899	3	3	5	.	4
900	2	2	4	.	1
901	3	3	5	.	1
902	5	5	2	.	1
903	5	4	.	.	3
904	4	4	3	.	4
905	5	5	5	.	1
906	4	4	5	.	4
907	3	3	3	.	4
908	2	3	4	.	1
909	4	4	4	.	4
910	4	4	4	.	4
911	5	4	4	.	4
912	2	3	5	.	4
913	3	4	5	.	4
914	5	4	2	.	4
915	2	2	2	.	4
916	3	3	1	.	3
917	3	5	3	.	4
918	2	2	5	.	3
919	3	4	4	.	1
920	5	5	4	.	1
921	4	4	4	.	4
922	3	4	4	.	4
923	1	1	3	.	4
924	1	3	5	.	4
925	3	4	4	.	1
926	4	4	4	.	2
927	2	4	4	.	4
928	1	5	5	.	1
929	4	4	4	.	3
930	5	4	5	.	1
931	3	3	5	.	4
932	1	2	5	.	4
933	2	4	3	.	4
934	3	3	4	.	4
935	3	4	3	.	1
936	3	3	5	.	1
937	3	3	3	.	3
938	2	3	3	.	4
939	4	4	4	.	1
940	4	5	3	.	4
941	3	3	3	.	4
942	3	2	4	.	4
943	3	5	3	.	.
944	3	5	3	.	4
945	3	4	5	.	2
946	.	.	3	.	4
947	3	3	3	.	1
948	.	.	4	.	1
949	3	.	5	.	4
950	3	3	5	.	1
951	5	4	2	.	1
952	4	3	3	.	4
953	3	3	4	.	3
954	5	4	3	.	1
955	1	2	5	.	4
956	2	3	4	.	2
957	4	4	3	.	4
958	3	2	4	.	1
959	3	3	3	.	1
960	2	3	4	.	1
961	3	3	3	.	3
962	3	3	3	.	4
963	.	.	3	.	4
964	1	1	5	.	4
965	2	3	3	.	3
966	4	2	4	.	2
967	3	2	4	.	1
968	3	4	2	.	3
969	.	4	4	.	1
970	2	3	4	.	4
971	3	4	4	.	4
972	3	3	4	.	4
973	2	4	3	.	3
974	3	3	3	.	3
975	5	5	3	.	4
976	5	5	4	.	4
977	3	4	5	.	4
978	4	4	3	.	1
979	1	2	5	.	4
980	2	3	3	.	4
981	3	3	4	.	4
982	4	3	4	.	3
983	.	.	5	.	.
984	3	3	4	.	1
985	2	3	2	.	.
986	.	.	3	.	4
987	3	4	5	.	4
988	1	2	4	.	3
989	.	5	3	.	4
990	4	5	4	.	3
991	3	3	5	.	3
992	.	3	3	.	1
993	3	3	3	.	2
994	4	4	4	.	3
995	.	.	4	.	3
996	5	4	3	.	4
997	5	4	4	.	1
998	1	2	4	.	4
999	2	5	5	.	4
1000	3	2	4	.	4
1001	.	4	3	.	1
1002	1	2	5	.	1
1003	4	3	2	.	3
1004	2	3	4	.	4
1005	5	.	5	.	1
1006	2	2	5	.	4
1007	3	2	2	.	4
1008	3	4	4	.	2
1009	4	4	4	.	1
1010	3	3	3	.	1
1011	5	5	2	.	2
1012	4	2	2	.	4
1013	3	3	5	.	3
1014	5	5	3	.	2
1015	3	4	5	.	1
1016	5	5	5	.	1
1017	2	4	4	.	1
1018	3	4	5	.	3
1019	2	2	5	.	1
1020	2	1	.	.	.
1021	4	4	4	.	4
1022	3	4	3	.	3
1023	1	5	1	.	1
1024	5	2	5	.	1
1025	5	5	.	.	3
1026	5	5	2	.	4
1027	1	1	5	.	3
1028	5	4	4	.	3
1029	4	3	5	.	1
1030	4	5	4	.	1
1031	3	3	2	.	4
1032	3	4	5	.	.
1033	5	2	5	.	1
1034	4	4	2	.	1
1035	5	5	4	.	4
1036	5	4	5	.	3
1037	3	4	4	.	4
1038	3	5	2	.	1
1039	4	4	3	.	4
1040	4	4	3	.	4
1041	1	2	5	.	2
1042	1	3	5	.	1
1043	4	3	5	.	3
1044	3	3	5	.	1
1045	1	4	5	.	1
1046	3	5	3	.	3
1047	3	4	5	.	4
1048	1	4	5	.	3
1049	2	5	4	.	3
1050	1	4	4	.	4
1051	4	3	3	.	2
1052	2	2	4	.	1
1053	3	3	4	.	4
1054	2	4	4	.	3
1055	4	4	4	.	2
1056	1	1	5	.	3
1057	4	3	3	.	4
1058	4	4	4	.	1
1059	2	2	3	.	4
1060	3	3	3	.	4
1061	3	4	5	.	3
1062	5	5	5	.	1
1063	5	5	5	.	4
1064	4	4	2	.	1
1065	5	5	2	.	4
1066	4	4	4	.	1
1067	3	3	3	.	1
1068	4	4	3	.	2
1069	2	2	5	.	4
1070	2	3	4	.	4
1071	4	4	4	.	4
1072	4	4	4	.	4
1073	5	5	3	.	4
1074	3	5	.	.	4
1075	3	4	3	.	1
1076	4	4	2	.	.
1077	1	1	5	.	1
1078	2	4	3	.	3
1079	2	1	3	.	1
1080	3	3	3	.	1
1081	3	3	4	.	3
1082	1	1	5	.	1
1083	1	3	5	.	4
1084	1	1	5	.	3
1085	3	3	4	.	1
1086	2	2	5	.	4
1087	.	4	4	.	4
1088	4	3	4	.	4
1089	3	4	4	.	4
1090	5	5	5	.	4
1091	5	5	3	.	4
1092	2	5	3	.	3
1093	2	.	5	.	4
1094	3	3	4	.	4
1095	4	3	4	.	4
1096	3	5	1	.	1
1097	3	4	5	.	4
1098	4	4	4	.	1
1099	5	4	.	.	3
1100	5	1	5	.	4
1101	5	5	4	.	4
1102	2	3	3	.	1
1103	.	.	3	.	3
1104	1	4	5	.	4
1105	3	3	5	.	2
1106	4	1	5	.	4
1107	3	4	4	.	4
1108	3	3	3	.	1
1109	2	2	5	.	4
1110	3	2	4	.	4
1111	.	4	3	.	.
1112	5	5	4	.	4
1113	1	5	4	.	4
1114	5	4	4	.	4
1115	3	2	5	.	2
1116	2	1	5	.	3
1117	1	2	5	.	.
1118	5	3	5	.	4
1119	2	2	4	.	4
1120	4	5	5	.	4
1121	2	3	2	.	1
1122	5	5	5	.	4
1123	2	3	3	.	3
1124	3	3	4	.	1
1125	5	5	5	.	4
1126	3	3	3	.	.
1127	4	4	4	.	1
1128	4	5	3	.	2
1129	4	4	4	.	1
1130	5	2	2	.	1
1131	2	2	3	.	1
1132	.	5	2	.	3
1133	2	5	3	.	4
1134	.	4	5	.	4
1135	5	5	1	.	3
1136	2	3	5	.	4
1137	1	1	5	.	4
1138	4	3	.	.	4
1139	3	3	5	.	1
1140	2	2	4	.	3
1141	1	5	5	.	3
1142	5	5	2	.	1
1143	3	3	3	.	1
1144	1	1	4	.	4
1145	5	4	5	.	3
1146	5	5	5	.	1
1147	5	3	5	.	1
1148	4	4	5	.	1
1149	2	2	5	.	4
1150	3	5	3	.	4
1151	5	4	4	.	1
1152	5	5	5	.	4
1153	5	5	3	.	.
1154	5	5	4	.	1
1155	5	4	5	.	4
1156	3	4	4	.	4
1157	.	4	2	.	1
1158	5	5	2	.	3
1159	5	5	2	.	1
1160	3	3	5	.	4
1161	.	1	5	.	4
1162	4	5	4	.	1
1163	5	1	5	.	4
1164	3	4	5	.	1
1165	2	3	5	.	4
1166	3	4	4	.	3
1167	2	4	5	.	4
1168	1	1	4	.	1
1169	1	.	1	.	4
1170	1	1	5	.	3
1171	1	1	2	.	4
1172	2	2	5	.	1
1173	2	1	5	.	1
1174	3	1	5	.	4
1175	5	3	3	.	4
1176	5	5	5	.	1
1177	3	3	4	.	4
1178	.	.	1	.	.
1179	1	5	2	.	4
1180	1	1	3	.	4
1181	1	4	5	.	2
1182	2	4	5	.	1
1183	5	2	5	.	.
1184	1	3	4	.	4
1185	3	4	5	.	1
1186	4	5	5	.	4
1187	3	4	3	.	4
1188	4	5	4	.	.
1189	1	1	5	.	2
1190	1	2	4	.	4
1191	1	3	5	.	2
1192	1	3	5	.	3
1193	5	3	3	.	1
1194	2	4	2	.	4
1195	1	1	5	.	4
1196	1	1	5	.	3
1197	1	2	5	.	2
1198	2	4	2	.	1
1199	3	2	2	.	.
1200	2	4	4	.	4
1201	3	3	1	1	3
1202	.	.	5	1	.
1203	3	2	4	3	4
1204	.	.	5	5	1
1205	4	3	2	3	3
1206	1	1	5	1	3
1207	4	5	3	1	1
1208	2	2	3	2	4
1209	4	4	3	2	1
1210	1	1	4	4	4
1211	3	.	1	1	1
1212	3	3	4	3	2
1213	2	2	3	2	4
1214	2	3	3	2	1
1215	4	3	3	1	1
1216	4	4	2	1	4
1217	2	2	4	3	3
1218	4	4	3	2	4
1219	5	5	.	2	1
1220	4	4	2	1	1
1221	.	.	5	1	.
1222	3	4	4	1	3
1223	5	5	1	1	4
1224	2	1	4	3	4
1225	3	3	4	1	1
1226	3	5	1	3	2
1227	2	3	5	1	1
1228	1	2	4	2	4
1229	3	4	4	1	1
1230	1	1	5	2	3
1231	3	4	3	1	1
1232	3	3	3	5	4
1233	3	3	5	1	4
1234	5	4	5	2	1
1235	2	3	5	3	1
1236	2	5	4	1	1
1237	4	3	5	4	2
1238	2	3	3	4	4
1239	2	1	5	4	4
1240	2	2	5	5	3
1241	3	3	4	4	4
1242	3	3	3	3	4
1243	2	1	5	1	3
1244	3	1	3	3	1
1245	3	3	4	3	4
1246	4	4	4	4	1
1247	3	4	3	3	1
1248	4	4	3	2	1
1249	4	4	4	4	4
1250	3	3	4	5	3
1251	5	5	1	1	4
1252	3	4	2	1	4
1253	2	2	3	1	4
1254	5	4	3	5	1
1255	3	3	2	1	1
1256	3	3	3	3	4
1257	5	5	2	1	4
1258	2	2	2	1	1
1259	2	1	4	5	2
1260	2	2	4	3	3
1261	3	4	5	1	1
1262	4	4	4	3	4
1263	1	1	5	5	4
1264	2	3	4	3	4
1265	5	5	3	1	3
1266	1	3	5	1	4
1267	1	1	5	4	3
1268	4	4	3	1	1
1269	1	2	5	5	3
1270	2	4	5	5	1
1271	3	3	3	1	1
1272	2	2	4	3	4
1273	3	3	4	3	1
1274	2	2	4	3	3
1275	2	5	5	5	4
1276	1	2	3	1	1
1277	2	2	5	1	4
1278	2	2	2	1	4
1279	5	5	5	4	1
1280	.	.	5	5	2
1281	3	3	3	1	4
1282	1	3	5	5	4
1283	5	4	3	1	4
1284	3	.	5	5	1
1285	2	1	5	3	1
1286	5	5	4	4	4
1287	1	3	4	3	4
1288	4	4	2	1	1
1289	2	2	2	2	1
1290	5	5	4	1	1
1291	3	2	3	3	4
1292	5	5	5	1	4
1293	4	3	3	2	3
1294	1	1	5	1	4
1295	3	4	5	3	3
1296	5	5	1	1	4
1297	3	3	3	3	4
1298	1	1	5	5	3
1299	1	3	3	3	4
1300	5	5	3	1	4
1301	3	3	4	2	4
1302	1	1	5	1	3
1303	3	3	5	1	4
1304	3	3	5	3	2
1305	2	4	2	1	4
1306	5	5	4	1	1
1307	3	2	4	3	1
1308	5	5	4	1	4
1309	3	3	3	3	1
1310	2	2	5	2	1
1311	1	1	5	4	3
1312	2	2	5	3	4
1313	5	5	5	3	4
1314	3	3	3	2	4
1315	5	.	5	1	3
1316	4	4	5	1	1
1317	5	3	4	5	4
1318	2	2	2	2	1
1319	3	3	1	1	1
1320	2	1	2	2	1
1321	1	3	4	4	1
1322	5	5	3	1	1
1323	5	5	2	1	4
1324	2	3	4	2	4
1325	4	4	3	3	4
1326	3	3	4	2	4
1327	4	4	2	1	.
1328	3	.	2	2	4
1329	3	4	5	2	4
1330	1	2	5	5	3
1331	5	5	3	3	4
1332	5	5	1	1	1
1333	1	1	5	5	4
1334	3	3	3	3	4
1335	4	4	2	1	4
1336	3	3	3	3	4
1337	2	2	5	1	4
1338	3	3	3	1	2
1339	4	3	2	1	4
1340	1	1	5	5	2
1341	3	5	3	1	2
1342	3	3	5	4	1
1343	3	3	4	4	1
1344	2	2	4	2	3
1345	2	2	5	3	4
1346	1	1	5	1	3
1347	4	3	4	3	2
1348	4	4	5	4	2
1349	3	3	3	5	3
1350	2	4	5	1	4
1351	2	1	2	1	4
1352	1	2	4	1	3
1353	2	2	2	5	4
1354	2	3	2	1	4
1355	2	2	2	1	1
1356	3	3	3	1	3
1357	3	2	4	3	4
1358	2	2	1	1	4
1359	3	3	3	3	3
1360	2	3	4	4	2
1361	3	3	3	3	4
1362	4	3	3	3	1
1363	3	4	4	5	3
1364	5	5	1	1	1
1365	4	4	3	2	3
1366	1	1	5	5	4
1367	1	1	4	3	3
1368	5	5	1	1	1
1369	3	3	2	2	3
1370	4	5	3	1	3
1371	2	3	3	1	4
1372	3	3	3	1	2
1373	2	3	4	3	4
1374	3	3	3	1	3
1375	5	5	5	5	4
1376	3	2	3	3	2
1377	2	2	4	4	4
1378	5	3	2	1	2
1379	2	1	3	1	4
1380	3	3	3	3	3
1381	3	3	3	1	1
1382	4	4	3	3	1
1383	4	4	3	3	4
1384	5	5	5	1	1
1385	3	3	3	3	4
1386	4	5	5	1	1
1387	5	5	2	2	1
1388	4	4	4	1	4
1389	1	1	3	1	2
1390	5	5	5	1	4
1391	4	3	5	1	3
1392	1	2	5	5	4
1393	3	3	4	3	2
1394	5	5	5	5	4
1395	3	3	3	1	2
1396	5	5	4	1	1
1397	2	3	5	2	1
1398	1	1	3	5	3
1399	5	5	5	1	2
1400	2	2	3	3	1
1401	2	3	5	3	1
1402	2	3	5	4	4
1403	5	5	1	1	4
1404	2	2	2	2	1
1405	4	4	4	3	4
1406	5	5	3	1	4
1407	3	4	3	4	4
1408	1	1	5	3	4
1409	1	2	4	5	4
1410	4	5	4	2	1
1411	5	5	1	5	4
1412	1	1	3	3	4
1413	4	4	3	2	4
1414	3	3	3	3	4
1415	3	3	2	3	4
1416	4	5	5	2	3
1417	1	3	2	5	4
1418	5	2	4	2	4
1419	3	5	3	3	1
1420	1	1	3	1	2
1421	2	3	4	1	3
1422	5	5	1	1	4
1423	3	3	4	1	2
1424	2	2	3	1	4
1425	3	4	4	4	1
1426	4	5	1	1	4
1427	1	3	5	5	4
1428	3	3	3	1	4
1429	3	3	2	2	4
1430	2	3	4	1	1
1431	3	3	4	2	4
1432	3	3	5	3	4
1433	5	4	4	2	4
1434	2	2	4	4	3
1435	2	2	3	3	1
1436	3	4	4	2	1
1437	4	3	3	1	2
1438	1	1	5	1	3
1439	5	5	5	1	4
1440	5	5	5	5	3
1441	2	2	5	5	4
1442	3	3	2	2	4
1443	2	3	5	5	2
1444	4	2	4	1	3
1445	2	2	5	1	4
1446	5	1	4	4	4
1447	3	1	3	5	4
1448	5	5	4	1	1
1449	2	4	4	1	1
1450	3	4	4	1	3
1451	1	2	4	3	4
1452	2	2	3	2	4
1453	4	4	2	1	3
1454	3	3	4	4	2
1455	2	2	4	1	2
1456	3	4	3	2	1
1457	2	2	4	3	4
1458	2	3	5	1	4
1459	1	1	2	1	2
1460	2	2	4	3	1
1461	5	5	4	1	1
1462	3	3	5	1	2
1463	5	5	3	1	1
1464	5	5	1	1	1
1465	2	5	5	3	3
1466	3	2	4	4	4
1467	3	3	2	2	3
1468	3	3	5	5	1
1469	2	4	3	2	4
1470	3	3	3	2	1
1471	2	4	5	1	4
1472	5	5	5	5	3
1473	5	5	3	1	1
1474	1	2	5	3	2
1475	5	5	5	5	4
1476	1	1	4	2	4
1477	1	1	5	1	3
1478	2	3	3	4	3
1479	2	4	4	3	1
1480	1	3	3	3	4
1481	3	3	4	3	1
1482	3	3	1	1	4
1483	4	5	4	1	3
1484	3	3	5	3	1
1485	4	4	5	3	4
1486	3	3	1	1	4
1487	3	2	3	3	3
1488	4	.	3	4	3
1489	4	4	3	1	1
1490	4	5	2	2	3
1491	5	5	1	2	1
1492	5	5	3	2	2
1493	4	5	4	2	4
1494	.	.	1	2	4
1495	1	1	3	3	3
1496	4	5	4	2	4
1497	4	5	4	2	2
1498	2	2	3	3	4
1499	.	.	2	2	4
1500	5	5	5	2	4
1501	2	2	5	5	3
1502	5	5	2	3	2
1503	4	3	2	3	1
1504	4	3	1	1	4
1505	3	2	3	2	4
1506	3	3	3	3	4
1507	4	5	4	2	4
1508	5	5	1	1	4
1509	5	5	3	1	4
1510	4	4	1	1	1
1511	4	5	2	2	4
1512	2	2	2	3	3
1513	4	5	4	1	2
1514	3	3	3	3	3
1515	3	2	3	3	2
1516	1	1	2	3	4
1517	2	2	2	1	4
1518	4	3	3	3	4
1519	4	5	4	2	4
1520	.	.	3	2	3
1521	5	1	3	1	2
1522	4	4	2	1	4
1523	4	4	3	3	4
1524	2	3	3	3	1
1525	3	5	4	2	1
1526	3	3	3	3	4
1527	5	5	5	2	1
1528	4	4	3	3	1
1529	4	4	2	1	1
1530	3	3	3	3	4
1531	3	3	2	3	1
1532	4	4	3	1	1
1533	3	5	2	1	4
1534	2	2	4	5	4
1535	3	.	3	1	4
1536	4	4	4	2	1
1537	2	4	3	3	4
1538	5	5	2	1	1
1539	4	4	3	1	3
1540	3	3	3	3	3
1541	2	1	2	3	2
1542	3	2	2	2	4
1543	4	3	2	1	1
1544	5	5	2	1	1
1545	1	2	2	2	4
1546	2	5	.	1	4
1547	2	2	5	5	3
1548	.	4	1	1	1
1549	1	1	5	5	4
1550	4	4	3	1	4
1551	4	4	2	1	4
1552	5	5	4	4	3
1553	4	4	4	4	3
1554	5	5	4	4	4
1555	2	3	5	4	1
1556	2	3	4	4	3
1557	3	3	4	4	4
1558	5	5	1	2	1
1559	.	.	5	1	1
1560	2	5	5	3	4
1561	.	5	3	1	1
1562	2	4	5	3	4
1563	3	1	5	5	3
1564	3	3	3	3	3
1565	5	5	1	1	1
1566	1	4	5	1	3
1567	2	5	5	3	3
1568	5	3	5	1	4
1569	2	5	5	1	4
1570	4	4	4	1	1
1571	3	2	5	2	3
1572	4	3	3	3	2
1573	5	5	4	1	3
1574	3	4	4	3	4
1575	3	3	2	1	4
1576	5	5	5	2	3
1577	2	2	5	5	4
1578	5	3	3	1	1
1579	5	5	2	2	1
1580	2	3	5	5	4
1581	5	4	5	1	2
1582	2	2	4	3	3
1583	3	5	3	1	1
1584	1	1	4	5	4
1585	2	2	4	4	3
1586	3	3	1	1	1
1587	3	2	5	4	4
1588	1	2	5	4	1
1589	3	4	2	1	1
1590	4	.	1	3	.
1591	3	5	1	1	3
1592	4	4	5	2	1
1593	2	2	5	3	4
1594	5	5	5	1	1
1595	2	2	5	2	4
1596	.	.	4	2	2
1597	4	4	2	1	4
1598	4	5	4	3	.
1599	4	5	1	1	3
1600	2	5	3	1	4
1601	5	5	3	1	1
1602	2	2	4	3	4
1603	5	5	5	1	1
1604	2	2	2	1	1
1605	5	5	1	1	1
1606	3	4	3	1	3
1607	5	5	5	1	4
1608	4	4	3	2	4
1609	4	4	4	2	3
1610	5	5	5	5	4
1611	2	5	1	1	3
1612	3	3	5	3	4
1613	4	4	4	1	1
1614	5	5	1	1	1
1615	4	3	2	2	1
1616	3	5	3	1	1
1617	3	3	3	3	4
1618	3	3	4	1	4
1619	4	4	4	3	4
1620	3	3	2	2	1
1621	4	4	4	1	1
1622	2	2	5	1	1
1623	2	2	5	3	4
1624	4	4	4	1	1
1625	5	5	5	4	4
1626	3	3	2	2	2
1627	1	1	3	3	4
1628	3	4	5	5	3
1629	4	4	4	4	4
1630	3	3	1	3	2
1631	5	5	5	5	1
1632	3	3	3	2	1
1633	2	2	5	5	1
1634	2	1	2	3	3
1635	5	5	2	2	4
1636	1	1	5	5	4
1637	3	4	3	2	4
1638	2	2	4	3	1
1639	2	1	5	1	3
1640	2	2	4	5	4
1641	3	3	5	3	4
1642	3	3	5	5	4
1643	3	3	1	1	2
1644	2	2	3	1	1
1645	4	4	.	1	4
1646	2	1	4	3	3
1647	1	1	3	3	4
1648	1	1	4	1	3
1649	1	2	2	5	1
1650	5	5	1	5	1
1651	5	5	5	1	1
1652	4	5	2	1	1
1653	5	5	5	4	3
1654	3	3	2	1	2
1655	1	1	5	3	4
1656	5	5	1	1	3
1657	1	1	5	5	4
1658	2	2	2	2	1
1659	2	3	3	3	4
1660	2	5	5	4	1
1661	3	3	3	2	4
1662	3	2	4	1	1
1663	3	3	5	3	4
1664	3	1	3	1	3
1665	3	5	1	5	1
1666	.	.	5	1	4
1667	4	4	5	5	4
1668	2	2	4	5	1
1669	3	1	5	3	4
1670	5	5	4	4	1
1671	2	2	5	5	3
1672	2	3	2	2	1
1673	4	4	5	5	4
1674	3	3	5	3	1
1675	4	4	2	1	1
1676	5	5	5	1	4
1677	3	4	5	4	4
1678	5	5	5	3	1
1679	5	3	3	1	1
1680	4	2	4	1	4
1681	3	1	2	2	4
1682	5	5	1	1	3
1683	1	1	3	1	1
1684	2	2	4	1	1
1685	3	2	3	3	1
1686	3	3	3	3	1
1687	3	3	3	2	4
1688	3	3	5	5	4
1689	3	3	3	1	1
1690	4	4	5	3	1
1691	2	2	4	1	4
1692	1	3	3	3	1
1693	4	3	3	1	1
1694	4	4	5	5	1
1695	1	4	5	1	1
1696	2	.	4	1	1
1697	1	1	3	1	3
1698	4	4	5	1	1
1699	.	5	5	1	1
1700	3	3	5	3	4
1701	5	5	5	5	4
1702	3	4	4	4	1
1703	1	1	1	3	4
1704	2	2	4	4	4
1705	1	1	3	3	2
1706	3	4	4	3	4
1707	3	2	5	5	4
1708	1	1	5	5	2
1709	3	3	2	1	4
1710	3	2	3	2	1
1711	2	2	4	5	4
1712	2	2	4	2	4
1713	2	2	3	2	3
1714	2	2	4	2	1
1715	2	2	4	4	3
1716	1	3	5	4	3
1717	5	5	5	1	4
1718	2	3	5	4	1
1719	1	1	5	5	4
1720	3	2	4	2	3
1721	3	2	5	2	4
1722	4	5	3	1	4
1723	1	1	5	5	1
1724	2	3	4	2	3
1725	3	5	5	3	1
1726	5	1	5	5	2
1727	2	3	4	3	4
1728	4	4	3	3	4
1729	3	2	3	4	1
1730	3	3	5	5	1
1731	1	1	5	5	3
1732	5	5	2	1	1
1733	1	2	5	5	4
1734	1	5	.	1	4
1735	1	3	5	3	4
1736	2	1	3	2	4
1737	2	2	4	4	4
1738	2	5	2	2	1
1739	5	4	5	1	2
1740	4	1	4	5	4
1741	1	3	5	5	4
1742	3	2	3	1	1
1743	2	4	4	5	4
1744	2	2	3	1	3
1745	3	1	5	5	2
1746	1	5	2	2	4
1747	4	5	3	2	4
1748	2	1	4	3	3
1749	4	4	2	2	1
1750	5	5	4	2	1
1751	3	2	3	2	4
1752	3	3	3	1	1
1753	2	2	5	5	4
1754	2	2	4	2	3
1755	4	4	3	1	1
1756	1	1	5	1	2
1757	3	3	2	1	3
1758	3	3	3	2	2
1759	5	5	3	3	2
1760	4	4	3	2	2
1761	4	4	2	1	1
1762	4	4	3	2	1
1763	4	4	3	1	4
1764	3	5	2	1	1
1765	4	4	3	1	4
1766	5	5	3	1	1
1767	.	4	3	1	1
1768	3	4	3	1	3
1769	2	2	3	3	4
1770	2	2	3	3	3
1771	4	4	2	1	4
1772	3	3	3	1	1
1773	4	4	2	2	4
1774	.	4	3	1	3
1775	5	5	3	1	4
1776	2	3	2	2	4
1777	5	5	3	3	4
1778	4	4	3	3	1
1779	4	4	4	3	1
1780	3	3	4	4	4
1781	2	.	5	1	1
1782	5	5	1	1	4
1783	4	4	1	1	1
1784	3	5	3	1	3
1785	4	4	3	3	2
1786	5	4	3	3	4
1787	4	4	2	2	1
1788	4	4	3	2	4
1789	4	4	1	1	1
1790	4	4	2	1	4
1791	5	5	3	1	4
1792	1	1	4	5	1
1793	4	5	4	3	3
1794	3	.	4	2	4
1795	1	3	3	3	1
1796	2	4	4	3	4
1797	5	5	3	4	1
1798	2	2	5	2	.
1799	5	5	1	1	4
1800	5	5	2	1	4
1801	3	3	3	3	1
1802	1	.	5	1	1
1803	4	4	3	1	2
1804	4	4	3	4	4
1805	2	3	3	3	4
1806	2	3	4	1	3
1807	2	3	4	2	3
1808	3	3	4	3	3
1809	4	5	2	1	1
1810	.	.	.	1	1
1811	2	2	2	1	3
1812	4	4	1	1	2
1813	2	2	5	2	1
1814	4	5	4	4	4
1815	3	3	2	2	1
1816	1	1	2	2	4
1817	3	3	5	2	3
1818	2	1	3	3	4
1819	1	1	5	5	4
1820	3	1	1	1	1
1821	2	2	5	4	1
1822	3	3	3	1	3
1823	1	2	5	4	4
1824	3	4	2	3	4
1825	2	3	2	1	1
1826	5	3	5	5	3
1827	1	2	5	5	2
1828	4	4	5	4	2
1829	5	5	5	4	4
1830	5	5	1	1	4
1831	5	5	3	1	1
1832	2	2	5	5	1
1833	3	3	4	4	4
1834	3	3	5	1	4
1835	1	5	2	2	.
1836	2	2	3	3	4
1837	5	5	5	1	4
1838	1	1	5	5	4
1839	2	3	4	4	4
1840	2	2	3	3	1
1841	4	4	5	5	4
1842	1	2	5	1	4
1843	3	3	5	5	4
1844	5	5	5	1	1
1845	4	4	4	1	3
1846	3	2	4	2	1
1847	1	1	4	3	4
1848	2	3	1	1	4
1849	2	3	5	4	4
1850	3	3	3	3	1
1851	4	2	4	3	3
1852	5	2	4	1	3
1853	1	1	3	1	2
1854	3	3	4	4	4
1855	2	1	3	3	3
1856	3	4	4	4	1
1857	5	5	1	1	3
1858	2	2	3	3	2
1859	2	1	2	1	2
1860	5	5	4	1	1
1861	4	4	2	1	4
1862	4	5	3	1	1
1863	3	3	4	3	4
1864	1	1	4	1	4
1865	5	5	2	1	1
1866	5	2	5	1	2
1867	4	4	2	2	3
1868	2	2	3	2	3
1869	5	5	2	3	4
1870	.	.	3	3	3
1871	5	5	1	1	1
1872	4	4	3	1	1
1873	2	2	1	1	3
1874	5	5	.	1	1
1875	3	3	3	4	4
1876	2	2	5	5	4
1877	5	5	4	2	1
1878	5	5	3	2	1
1879	3	3	5	2	1
1880	3	3	3	2	1
1881	4	4	4	1	1
1882	4	4	3	1	4
1883	4	5	3	3	4
1884	4	3	3	2	3
1885	3	3	2	2	4
1886	3	4	4	2	1
1887	4	4	3	3	1
1888	3	2	4	1	1
1889	3	2	4	4	4
1890	3	3	3	2	1
1891	5	5	1	1	1
1892	5	5	2	1	1
1893	4	5	4	2	4
1894	3	3	5	1	4
1895	5	5	5	2	4
1896	1	1	5	5	4
1897	3	5	2	2	1
1898	5	5	1	1	1
1899	5	5	1	1	1
1900	5	5	4	1	1
1901	3	3	2	1	1
1902	5	5	1	1	4
1903	3	2	2	2	4
1904	2	5	2	1	3
1905	5	5	1	1	1
1906	4	4	3	1	1
1907	5	5	2	1	1
1908	3	3	2	2	4
1909	1	1	3	3	4
1910	2	2	3	3	1
1911	1	2	5	1	4
1912	3	2	4	3	1
1913	4	4	3	4	4
1914	2	2	3	3	2
1915	1	1	5	5	3
1916	4	4	2	1	1
1917	2	3	3	1	4
1918	5	5	1	1	1
1919	2	3	1	1	1
1920	3	4	2	3	4
1921	4	4	2	2	4
1922	2	1	3	3	1
1923	3	3	3	3	1
1924	5	5	2	1	4
1925	3	3	4	4	4
1926	4	5	2	1	1
1927	2	3	1	1	4
1928	4	4	2	1	3
1929	2	2	4	1	3
1930	4	4	1	1	1
1931	3	4	4	2	4
1932	4	4	2	1	4
1933	3	3	3	3	3
1934	.	4	3	3	3
1935	3	3	.	5	4
1936	.	.	2	2	3
1937	5	5	4	.	1
1938	3	3	2	3	4
1939	3	3	3	1	2
1940	.	.	.	2	4
1941	3	3	2	2	2
1942	2	.	3	1	3
1943	3	3	.	3	.
1944	2	2	3	4	4
1945	4	4	3	3	4
1946	4	4	4	3	4
1947	3	3	3	3	1
1948	4	4	2	2	4
1949	5	5	2	1	4
1950	5	5	4	3	1
1951	4	5	4	3	1
1952	2	2	2	3	4
1953	3	3	3	2	1
1954	4	4	2	2	4
1955	2	4	3	2	1
1956	3	3	3	2	4
1957	5	4	3	1	4
1958	3	3	.	3	3
1959	2	2	2	2	4
1960	2	.	2	1	3
1961	5	5	.	1	1
1962	3	5	2	2	4
1963	1	.	4	5	2
1964	4	4	4	1	2
1965	1	1	5	1	1
1966	2	1	4	3	2
1967	5	5	5	1	3
1968	5	5	2	1	1
1969	3	3	4	4	1
1970	.	.	4	1	1
1971	4	4	3	1	1
1972	5	3	.	1	1
1973	3	5	5	2	4
1974	1	2	1	3	2
1975	5	5	2	1	4
1976	3	3	3	1	1
1977	5	5	1	1	1
1978	5	5	2	2	3
1979	3	3	3	1	1
1980	2	2	5	1	3
1981	3	4	2	3	1
1982	2	2	1	5	2
1983	1	2	1	1	1
1984	1	1	5	5	1
1985	5	5	.	1	.
1986	5	5	3	1	4
1987	1	2	3	1	1
1988	5	5	2	1	4
1989	5	5	4	2	1
1990	4	4	4	2	.
1991	2	2	3	1	1
1992	1	5	2	2	4
1993	3	4	5	5	1
1994	3	4	2	2	1
1995	4	5	3	2	4
1996	1	5	5	1	4
1997	3	4	5	4	1
1998	3	3	3	4	1
1999	2	3	3	1	3
2000	4	5	5	1	3
2001	1	1	5	5	1
2002	1	1	5	5	1
2003	3	.	2	2	4
2004	5	4	3	2	4
2005	5	5	5	5	1
2006	3	3	3	1	4
2007	5	5	5	3	4
2008	5	5	2	1	1
2009	1	1	5	1	.
2010	4	3	3	2	4
2011	1	1	5	5	3
2012	4	4	3	2	4
2013	1	2	3	1	.
2014	5	4	3	4	1
2015	3	2	3	2	1
2016	4	4	5	2	3
2017	4	4	4	4	1
2018	3	3	3	4	1
2019	3	3	3	3	1
2020	2	3	5	5	2
2021	3	3	4	3	4
2022	4	4	4	2	2
2023	1	2	5	4	1
2024	5	5	3	1	1
2025	5	1	5	1	4
2026	3	4	3	3	4
2027	2	4	5	2	4
2028	2	1	2	1	3
2029	4	3	1	1	1
2030	1	1	4	3	4
2031	3	4	3	3	3
2032	2	3	3	2	2
2033	2	1	5	5	1
2034	3	3	3	3	4
2035	2	2	2	3	3
2036	3	4	3	2	1
2037	3	3	5	1	3
2038	5	.	3	1	4
2039	2	2	4	3	4
2040	3	3	4	3	1
2041	5	5	1	1	1
2042	5	5	4	1	1
2043	1	2	2	1	1
2044	2	.	3	1	1
2045	2	2	4	3	4
2046	1	2	5	3	4
2047	5	5	5	1	4
2048	3	3	5	1	1
2049	3	2	4	4	4
2050	5	5	1	1	1
2051	3	3	5	1	1
2052	2	.	1	1	3
2053	3	3	3	1	2
2054	1	1	1	1	4
2055	3	3	4	3	4
2056	3	3	3	1	4
2057	3	3	5	3	4
2058	2	2	3	3	1
2059	3	3	2	2	1
2060	5	5	1	1	4
2061	2	2	5	5	1
2062	2	2	5	4	4
2063	5	5	5	1	3
2064	5	3	5	2	2
2065	2	2	5	5	4
2066	1	4	5	5	3
2067	3	3	2	2	1
2068	5	5	3	1	4
2069	3	3	4	5	1
2070	5	5	2	2	4
2071	3	4	2	1	1
2072	3	4	2	2	4
2073	2	3	5	3	1
2074	5	4	2	1	1
2075	3	3	4	3	1
2076	2	1	4	3	4
2077	4	4	5	1	1
2078	3	4	4	1	2
2079	2	3	5	5	2
2080	4	3	4	4	4
2081	3	3	3	1	1
2082	1	2	3	3	4
2083	2	1	5	5	4
2084	5	5	1	1	1
2085	3	2	3	1	1
2086	4	4	3	1	4
2087	2	1	4	4	3
2088	4	5	5	1	1
2089	5	5	1	5	4
2090	3	3	3	3	4
2091	2	3	4	4	1
2092	5	5	5	5	2
2093	3	2	5	3	4
2094	3	4	3	4	4
2095	4	5	5	3	3
2096	2	1	3	1	4
2097	5	5	1	1	4
2098	3	2	4	1	4
2099	3	4	5	4	1
2100	2	2	5	5	4
2101	2	4	4	5	4
2102	1	1	3	2	4
2103	3	4	5	1	3
2104	2	1	2	1	4
2105	1	1	5	5	4
2106	3	4	4	5	1
2107	1	3	3	3	2
2108	1	1	5	5	4
2109	1	3	5	3	3
2110	5	5	5	1	1
2111	4	5	3	4	2
2112	2	1	2	2	4
2113	5	5	4	1	3
2114	3	3	5	2	4
2115	5	5	5	5	3
2116	2	3	3	2	4
2117	4	5	4	1	1
2118	.	1	1	1	3
2119	5	5	4	5	2
2120	2	2	4	4	1
2121	2	1	5	3	3
2122	5	5	1	1	1
2123	1	2	5	5	4
2124	2	4	3	3	2
2125	2	2	5	5	1
2126	1	2	4	4	2
2127	3	3	4	5	4
2128	3	3	3	2	4
2129	2	3	1	1	1
2130	.	.	3	1	.
2131	4	4	3	2	3
2132	5	4	5	3	3
2133	.	.	3	1	2
2134	4	5	1	3	.
2135	4	5	3	1	1
2136	1	1	5	5	4
2137	1	2	3	2	4
2138	4	4	3	2	1
2139	3	3	3	2	4
2140	1	1	3	3	4
2141	2	.	3	3	1
2142	3	2	3	2	4
2143	3	3	3	1	1
2144	4	4	3	1	4
2145	2	2	3	3	4
2146	4	4	2	2	1
2147	3	3	2	1	1
2148	4	4	2	1	4
2149	2	5	4	1	3
2150	3	3	4	2	1
2151	3	3	5	5	3
2152	3	3	4	3	1
2153	3	3	3	2	4
2154	2	3	3	3	4
2155	3	4	3	5	4
2156	4	3	3	1	1
2157	4	5	3	1	1
2158	3	3	4	3	1
2159	3	3	3	1	4
2160	1	1	5	5	1
2161	2	2	5	5	4
2162	5	5	3	3	4
2163	2	3	4	3	1
2164	4	3	4	3	1
2165	3	3	3	3	4
2166	5	5	3	1	4
2167	3	3	3	3	1
2168	3	3	4	4	1
2169	1	3	5	3	2
2170	4	4	3	1	4
2171	4	2	4	1	4
2172	5	5	2	5	1
2173	3	3	4	4	4
2174	2	3	3	3	1
2175	2	3	3	3	1
2176	4	3	3	3	4
2177	2	2	5	5	4
2178	3	3	3	3	4
2179	3	3	4	2	3
2180	1	1	3	5	4
2181	2	2	4	3	3
2182	5	4	5	3	1
2183	3	2	4	4	4
2184	5	4	4	1	1
2185	3	3	3	1	1
2186	3	3	3	4	4
2187	3	4	3	4	3
2188	2	3	2	1	3
2189	5	5	4	5	4
2190	2	2	5	3	1
2191	3	2	3	1	1
2192	5	5	5	1	3
2193	.	.	3	1	.
2194	3	3	3	2	3
2195	1	4	5	2	4
2196	5	5	3	1	.
2197	2	3	2	1	1
2198	3	3	4	4	1
2199	4	5	3	4	3
2200	4	4	3	2	4
2201	4	4	3	1	4
2202	1	2	4	1	1
2203	4	4	5	1	1
2204	2	2	3	3	4
2205	4	4	2	1	.
2206	3	3	3	1	1
2207	2	3	4	1	3
2208	1	1	4	1	4
2209	1	1	5	5	4
2210	5	5	5	3	4
2211	3	3	3	3	4
2212	1	1	5	5	3
2213	3	3	3	1	4
2214	3	3	3	1	1
2215	2	2	5	1	3
2216	3	3	3	1	4
2217	3	2	4	3	3
2218	2	2	4	3	2
2219	5	5	5	1	4
2220	3	3	3	3	4
2221	1	1	5	3	3
2222	2	1	4	1	2
2223	5	5	5	1	4
2224	4	3	2	1	4
2225	5	4	3	3	3
2226	3	4	4	5	4
2227	2	3	3	1	1
2228	4	4	1	1	2
2229	3	3	2	2	1
2230	4	3	3	1	1
2231	3	3	3	3	1
2232	4	5	4	1	1
2233	2	2	2	1	4
2234	4	4	3	1	1
2235	3	4	3	3	1
2236	3	3	3	2	4
2237	4	3	3	3	3
2238	4	5	5	3	3
2239	1	1	3	3	3
2240	3	5	5	5	4
2241	4	5	3	3	3
2242	2	2	4	1	4
2243	3	3	3	2	3
2244	3	3	2	1	4
2245	1	1	5	2	4
2246	3	5	1	1	3
2247	3	3	3	1	1
2248	3	3	3	2	1
2249	1	1	2	2	4
2250	2	2	4	3	4
2251	5	5	4	1	3
2252	3	3	2	3	3
2253	3	2	5	3	3
2254	2	2	5	2	3
2255	3	3	5	2	2
2256	5	5	1	1	3
2257	4	3	3	2	4
2258	2	2	5	5	4
2259	4	4	2	3	3
2260	2	2	4	1	3
2261	3	3	5	4	4
2262	2	4	5	3	3
2263	3	3	4	3	2
2264	3	3	3	3	4
2265	3	3	4	2	4
2266	4	4	4	2	2
2267	1	1	5	5	4
2268	3	3	3	1	1
2269	5	5	1	1	1
2270	3	3	4	3	4
2271	3	5	3	1	4
2272	4	5	3	1	2
2273	4	4	2	1	1
2274	2	3	3	2	4
2275	3	3	3	5	4
2276	5	5	4	4	1
2277	3	3	3	2	4
2278	3	3	3	3	4
2279	4	4	3	1	2
2280	3	3	4	1	4
2281	4	3	3	1	3
2282	5	5	1	1	3
2283	3	3	3	3	1
2284	4	4	2	2	1
2285	5	5	5	1	2
2286	4	3	4	3	4
2287	2	5	2	1	1
2288	5	5	3	1	1
2289	5	5	3	1	1
2290	1	1	4	4	3
2291	2	1	5	4	1
2292	3	3	3	3	3
2293	2	3	5	3	4
2294	3	3	3	1	2
2295	3	3	2	2	4
2296	2	2	3	3	4
2297	1	1	3	3	3
2298	5	5	5	1	3
2299	3	2	3	2	4
2300	2	2	2	2	3
2301	4	5	3	1	2
2302	3	2	3	1	4
2303	2	2	5	3	4
2304	3	3	5	1	3
2305	2	4	2	4	4
2306	1	1	5	5	4
2307	4	5	3	2	3
2308	3	2	3	3	4
2309	4	5	4	4	4
2310	3	3	5	5	4
2311	3	3	3	2	1
2312	.	2	5	5	3
2313	2	2	2	3	1
2314	3	5	1	1	1
2315	3	3	3	1	1
2316	3	3	4	1	3
2317	3	2	2	3	4
2318	3	3	3	3	3
2319	3	3	4	1	1
2320	3	3	2	3	1
2321	4	4	3	1	1
2322	2	2	2	5	4
2323	4	5	2	1	4
2324	2	2	3	3	1
2325	4	3	5	3	1
2326	2	2	3	3	4
2327	1	2	3	3	4
2328	3	3	5	3	4
2329	1	1	3	1	4
2330	5	5	1	1	4
2331	2	3	4	3	.
2332	2	3	4	4	4
2333	2	3	3	1	1
2334	4	4	2	1	2
2335	2	4	2	1	4
2336	2	4	4	3	1
2337	4	4	4	3	4
2338	3	3	4	4	1
2339	3	3	5	3	2
2340	1	2	2	2	4
2341	1	1	5	4	4
2342	4	4	2	1	1
2343	2	2	3	3	1
2344	5	5	1	1	1
2345	3	3	2	3	4
2346	3	4	2	1	4
2347	2	2	5	1	3
2348	3	3	5	5	.
2349	4	3	4	1	1
2350	4	5	4	1	1
2351	3	2	2	2	1
2352	3	3	5	5	4
2353	3	3	3	3	4
2354	2	1	5	5	4
2355	5	5	4	1	1
2356	3	3	3	1	1
2357	.	3	3	1	4
2358	4	4	.	1	1
2359	4	4	1	1	1
2360	2	2	4	5	1
2361	1	1	4	4	2
2362	1	3	1	1	4
2363	3	3	3	3	4
2364	2	3	2	3	4
2365	3	4	3	1	4
2366	4	4	4	3	2
2367	2	3	2	1	4
2368	4	4	3	3	3
2369	.	.	3	3	.
2370	4	4	2	3	3
2371	3	2	4	3	3
2372	1	2	4	3	3
2373	3	3	3	1	2
2374	5	5	2	1	1
2375	5	5	1	3	.
2376	5	5	2	2	1
2377	5	4	3	4	4
2378	.	.	.	1	1
2379	3	2	4	3	3
2380	4	4	.	1	4
2381	3	3	4	2	3
2382	5	5	.	3	.
2383	3	3	4	5	1
2384	4	5	1	2	3
2385	3	4	2	3	1
2386	4	5	2	1	4
2387	2	3	4	3	3
2388	4	4	4	1	1
2389	5	5	1	1	4
2390	3	4	3	2	2
2391	5	5	1	1	1
2392	.	.	.	2	4
2393	1	1	1	3	2
2394	.	.	4	1	2
2395	3	3	4	3	4
2396	2	2	3	2	4
2397	1	1	2	4	4
2398	3	2	4	3	4
2399	5	5	3	1	4
2400	2	2	2	3	3
2401	3	4	3	1	4
2402	5	5	.	1	1
2403	4	4	2	2	1
2404	4	3	3	3	1
2405	3	2	3	3	1
2406	4	4	1	1	3
2407	3	3	3	3	4
2408	3	3	2	2	4
2409	2	3	2	3	1
2410	4	3	3	2	1
2411	4	.	2	2	3
2412	3	3	5	5	1
2413	4	5	1	1	1
2414	4	5	4	4	4
2415	2	2	4	5	.
2416	3	3	1	1	4
2417	3	3	2	1	4
2418	3	4	3	1	1
2419	3	3	3	1	1
2420	2	3	2	2	4
2421	2	2	3	2	.
2422	4	3	2	1	1
2423	5	5	1	1	1
2424	1	3	4	2	1
2425	4	5	2	1	4
2426	2	2	5	5	3
2427	4	4	3	1	4
2428	2	1	5	5	4
2429	4	.	.	1	4
2430	.	.	2	2	2
2431	4	3	3	1	4
2432	5	3	1	1	3
2433	4	4	3	5	4
2434	4	4	4	4	1
2435	2	2	5	3	4
2436	3	3	3	4	3
2437	5	5	4	1	.
2438	2	.	4	5	4
2439	1	1	4	3	3
2440	3	5	.	3	1
2441	2	2	5	1	4
2442	5	5	4	5	4
2443	3	3	3	1	3
2444	5	4	5	1	1
2445	1	2	1	3	3
2446	5	5	5	2	2
2447	2	5	5	1	1
2448	5	5	4	2	3
2449	3	3	4	3	4
2450	3	4	2	4	4
2451	4	5	3	2	4
2452	5	5	1	1	4
2453	3	4	2	1	1
2454	3	3	3	3	4
2455	3	2	3	2	1
2456	3	2	5	1	1
2457	2	2	3	2	2
2458	3	3	3	1	1
2459	2	1	4	4	2
2460	2	2	3	4	4
2461	3	3	.	1	2
2462	3	2	2	.	4
2463	4	4	2	1	3
2464	3	2	1	1	2
2465	3	4	5	1	4
2466	2	3	4	4	4
2467	2	2	2	2	4
2468	2	2	4	1	3
2469	5	5	2	2	4
2470	5	3	4	3	1
2471	5	5	1	1	3
2472	1	1	4	3	4
2473	4	4	5	1	4
2474	5	5	1	1	4
2475	4	2	1	1	3
2476	4	3	2	2	1
2477	5	5	2	1	1
2478	1	2	3	3	3
2479	5	5	5	1	4
2480	5	5	2	1	1
2481	4	5	5	3	4
2482	3	3	4	5	4
2483	4	4	4	1	1
2484	3	3	3	2	1
2485	5	5	5	4	3
2486	5	5	5	1	1
2487	3	5	5	3	3
2488	3	5	.	1	1
2489	3	3	3	1	1
2490	3	4	3	1	1
2491	1	1	5	5	4
2492	2	2	5	5	1
2493	5	4	3	3	4
2494	3	3	2	2	4
2495	1	3	4	2	3
2496	3	3	3	3	1
2497	3	3	3	1	3
2498	5	5	3	1	1
2499	4	4	2	1	1
2500	3	2	3	2	3
2501	5	5	5	1	1
2502	3	4	4	1	1
2503	4	4	3	2	4
2504	1	1	5	4	1
2505	5	5	5	5	4
2506	2	3	4	3	.
2507	2	3	4	4	4
2508	2	1	5	4	3
2509	2	1	5	4	1
2510	3	2	4	2	3
2511	1	2	3	1	3
2512	5	5	4	4	4
2513	3	3	3	3	4
2514	1	1	5	2	1
2515	1	2	5	2	1
2516	5	5	5	1	3
2517	4	3	5	1	2
2518	3	3	2	1	1
2519	4	2	2	2	3
2520	1	.	4	4	1
2521	3	2	4	1	3
2522	2	2	3	3	4
2523	2	3	3	2	3
2524	2	3	2	1	1
2525	1	3	5	4	4
2526	5	5	2	1	1
2527	4	4	5	2	4
2528	1	2	2	1	4
2529	1	2	4	1	1
2530	4	4	4	4	3
2531	5	5	3	1	1
2532	3	3	3	1	1
2533	4	4	3	3	1
2534	3	1	4	4	3
2535	3	2	3	3	1
2536	5	5	4	1	1
2537	1	5	4	1	4
2538	5	4	1	1	3
2539	5	5	3	3	2
2540	3	2	3	4	3
2541	4	3	4	3	4
2542	2	1	3	1	4
2543	2	2	5	1	1
2544	2	1	5	4	4
2545	2	2	4	5	1
2546	2	4	2	1	2
2547	4	4	3	1	1
2548	3	3	5	3	4
2549	3	3	3	4	1
2550	4	4	2	2	4
2551	3	3	4	3	4
2552	4	4	5	5	1
2553	1	1	1	1	1
2554	1	3	5	5	2
2555	1	.	4	1	1
2556	3	.	1	1	3
2557	2	2	4	1	1
2558	4	4	4	3	1
2559	4	4	3	1	.
2560	4	4	3	3	1
2561	3	3	2	3	1
2562	3	3	.	3	4
2563	4	5	5	5	3
2564	5	5	1	1	1
2565	1	1	1	1	.
2566	4	4	5	3	.
2567	3	3	4	4	1
2568	2	2	5	2	4
2569	5	4	4	2	3
2570	2	3	3	3	.
2571	2	3	2	4	4
2572	4	4	3	3	1
2573	1	1	5	5	3
2574	2	2	5	5	2
2575	2	2	4	5	4
2576	5	5	5	2	3
2577	3	3	5	5	4
2578	4	5	4	3	4
2579	4	4	3	3	1
2580	1	1	4	4	4
2581	5	3	3	1	1
2582	5	2	5	1	1
2583	5	5	1	1	4
2584	3	3	4	5	4
2585	1	1	5	5	1
2586	5	4	3	1	1
2587	2	3	5	5	3
2588	3	4	5	1	1
2589	3	4	3	1	4
2590	.	.	.	1	.
2591	3	2	4	4	3
2592	4	4	3	1	1
2593	4	5	1	1	1
2594	3	3	3	2	4
2595	3	4	4	1	4
2596	2	2	5	5	3
2597	5	5	5	5	.
2598	5	5	5	1	3
2599	2	2	4	3	4
2600	4	4	3	2	1
2601	3	2	3	2	2
2602	1	1	5	5	3
2603	5	3	5	1	4
2604	3	3	3	2	2
2605	5	5	3	1	.
2606	5	5	2	1	4
2607	4	4	3	2	1
2608	.	5	1	1	3
2609	3	3	5	1	1
2610	3	3	3	2	.
2611	3	5	1	1	1
2612	.	.	3	1	1
2613	3	3	4	1	2
2614	4	.	3	1	4
2615	3	3	3	2	4
2616	4	4	2	2	1
2617	3	3	2	1	1
2618	5	5	1	1	4
2619	4	5	3	1	1
2620	5	5	5	1	4
2621	3	3	2	1	1
2622	3	3	4	2	4
2623	4	5	4	1	4
2624	3	.	3	2	1
2625	4	4	4	2	1
2626	3	3	4	3	4
2627	.	.	1	1	1
2628	4	3	2	1	2
2629	3	4	4	3	4
2630	5	4	3	1	4
2631	.	4	2	2	4
2632	.	3	3	2	4
2633	3	4	3	4	4
2634	.	.	.	1	4
2635	4	5	3	1	4
2636	2	2	5	3	.
2637	2	3	4	2	1
2638	4	4	3	2	4
2639	4	3	3	3	1
2640	3	3	2	5	4
2641	2	3	2	1	4
2642	4	5	2	1	1
2643	.	5	.	1	4
2644	4	4	3	2	4
2645	3	4	4	2	1
2646	2	1	3	3	3
2647	4	3	3	2	4
2648	3	3	2	1	4
2649	4	5	4	1	1
2650	.	.	4	2	1
2651	2	2	3	4	3
2652	.	3	3	2	1
2653	4	2	3	2	3
2654	4	5	4	4	4
2655	3	1	3	2	1
2656	1	1	2	2	4
2657	3	3	5	4	3
2658	4	4	3	3	4
2659	3	3	5	5	1
2660	2	4	4	3	4
2661	3	2	5	4	1
2662	4	3	5	1	4
2663	2	4	4	3	4
2664	4	2	3	1	4
2665	1	1	5	5	3
2666	3	3	3	1	4
2667	5	5	5	5	3
2668	3	4	4	2	4
2669	5	2	3	3	3
2670	3	3	3	3	1
2671	2	2	5	4	1
2672	2	2	4	4	4
2673	3	3	5	4	2
2674	5	5	2	1	1
2675	3	3	5	4	4
2676	1	1	5	1	1
2677	1	1	3	2	1
2678	4	4	4	2	4
2679	5	4	5	3	3
2680	4	4	5	5	4
2681	1	5	1	1	1
2682	2	3	4	3	4
2683	5	2	5	5	4
2684	3	3	2	2	4
2685	2	2	5	5	3
2686	2	2	3	3	2
2687	2	2	4	2	1
2688	1	1	5	1	3
2689	3	2	5	4	4
2690	3	3	3	3	2
2691	3	4	3	3	4
2692	.	.	1	1	4
2693	3	.	.	2	3
2694	4	4	4	1	4
2695	3	3	2	1	1
2696	5	5	5	1	1
2697	2	3	3	2	1
2698	3	4	1	1	2
2699	4	4	2	1	4
2700	.	3	3	3	.
2701	3	3	3	3	3
2702	5	5	4	1	4
2703	3	3	3	2	1
2704	.	.	.	1	4
2705	5	5	1	1	1
2706	3	3	2	2	4
2707	4	5	.	2	1
2708	4	4	2	1	1
2709	4	4	.	1	1
2710	2	1	5	5	1
2711	3	3	3	1	1
2712	4	4	5	3	4
2713	4	4	3	4	4
2714	4	3	3	3	4
2715	3	3	3	3	3
2716	2	3	4	3	2
2717	3	3	4	2	1
2718	5	5	2	1	2
2719	.	5	3	1	4
2720	4	4	3	3	4
2721	5	5	1	1	.
2722	4	3	5	4	4
2723	1	1	5	5	4
2724	3	4	3	3	4
2725	2	2	4	1	1
2726	4	5	4	1	1
2727	4	4	3	1	1
2728	4	4	1	1	4
2729	2	2	2	1	4
2730	4	4	3	1	.
2731	2	2	1	1	4
2732	3	4	4	2	1
2733	3	3	5	5	1
2734	5	5	2	2	4
2735	4	4	3	5	3
2736	2	2	.	1	1
2737	4	4	3	3	3
2738	3	3	4	3	2
2739	3	2	3	2	1
2740	3	3	3	2	4
2741	.	3	4	1	3
2742	4	4	4	1	1
2743	2	3	2	1	1
2744	2	2	3	3	1
2745	3	3	3	3	4
2746	4	2	5	1	.
2747	3	3	4	3	4
2748	4	4	1	2	4
2749	4	4	2	2	4
2750	3	4	2	2	3
2751	4	4	.	2	3
2752	3	4	2	1	1
2753	5	5	5	3	1
2754	5	5	3	1	1
2755	.	.	4	4	2
2756	.	4	2	1	4
2757	4	4	3	1	1
2758	2	4	2	2	4
2759	2	.	.	2	4
2760	2	1	3	3	3
2761	3	3	3	3	3
2762	3	3	3	1	3
2763	3	2	.	2	4
2764	3	2	.	4	4
2765	4	4	3	3	4
2766	4	5	3	1	4
2767	3	2	2	2	1
2768	4	4	2	2	.
2769	5	5	2	2	1
2770	3	4	5	3	.
2771	3	3	3	2	4
2772	1	1	2	3	3
2773	4	4	4	4	4
2774	3	3	3	3	1
2775	3	3	3	3	1
2776	.	.	.	1	.
2777	3	3	2	1	4
2778	1	2	.	1	3
2779	4	4	.	2	4
2780	5	3	2	1	1
2781	4	3	2	1	2
2782	3	4	1	3	2
2783	2	2	3	3	4
2784	4	5	2	1	4
2785	4	3	4	5	4
2786	4	5	3	1	3
2787	2	3	2	3	4
2788	5	5	5	1	1
2789	5	2	2	1	4
2790	2	4	5	5	4
2791	.	.	4	1	2
2792	3	3	3	3	1
2793	5	5	5	1	2
2794	5	5	3	1	1
2795	2	2	3	1	1
2796	5	5	3	1	1
2797	3	3	5	3	4
2798	5	5	5	1	1
2799	3	1	2	3	4
2800	3	3	2	1	3
2801	.	1	3	.	2
2802	3	3	3	1	4
2803	5	5	3	3	4
2804	1	1	5	5	4
2805	5	5	5	5	4
2806	5	.	1	1	3
2807	5	5	1	1	1
2808	1	3	4	1	1
2809	5	5	4	1	1
2810	4	3	3	3	4
2811	3	2	5	1	1
2812	3	2	3	2	3
2813	5	5	5	5	4
2814	3	3	2	1	4
2815	4	4	3	2	4
2816	.	5	1	1	4
2817	4	4	5	5	3
2818	3	2	3	3	4
2819	1	1	5	5	4
2820	5	4	5	1	4
2821	2	2	5	5	3
2822	4	5	2	2	1
2823	4	2	5	1	4
2824	5	5	3	3	4
2825	2	1	4	3	4
2826	4	4	2	3	1
2827	1	2	4	4	4
2828	3	3	2	4	4
2829	3	1	1	1	3
2830	3	3	3	3	4
2831	3	3	2	2	1
2832	1	3	5	1	3
2833	5	4	5	5	1
2834	4	3	4	4	4
2835	3	3	4	1	.
2836	2	3	2	3	4
2837	3	3	3	1	4
2838	4	4	4	4	1
2839	5	5	1	1	4
2840	2	2	3	1	1
2841	2	2	2	2	4
2842	2	2	3	2	4
2843	3	3	3	3	3
2844	3	3	3	3	4
2845	1	2	2	2	3
2846	4	4	3	3	1
2847	2	1	5	3	1
2848	1	2	2	1	2
2849	3	3	4	1	4
2850	3	3	4	1	3
2851	5	3	3	1	1
2852	5	5	1	1	4
2853	4	2	3	4	1
2854	5	5	5	1	1
2855	4	3	3	1	4
2856	3	1	3	3	2
2857	2	2	5	2	1
2858	4	4	2	1	4
2859	5	4	5	1	1
2860	1	1	5	1	4
2861	5	5	5	1	3
2862	1	1	2	5	1
2863	3	3	5	1	1
2864	3	3	5	1	3
2865	1	3	4	1	3
2866	1	3	5	1	3
2867	2	2	2	2	4
2868	2	3	3	1	4
2869	2	2	4	4	4
2870	3	3	5	3	1
2871	1	1	1	1	3
2872	3	3	4	3	1
2873	1	1	2	1	1
2874	3	3	5	5	4
2875	2	2	5	2	.
2876	2	3	2	3	4
2877	4	4	5	4	4
2878	3	3	3	1	1
2879	5	5	4	1	4
2880	.	.	5	5	3
2881	3	3	3	1	4
2882	4	4	2	2	4
2883	3	3	2	2	1
2884	2	3	3	3	1
2885	1	1	3	3	3
2886	4	4	5	5	1
2887	1	1	5	3	1
2888	2	2	5	2	4
2889	5	5	2	1	1
2890	2	3	5	3	1
2891	5	5	1	1	1
2892	3	3	5	2	1
2893	1	1	3	1	3
2894	5	4	1	1	3
2895	5	5	3	5	1
2896	1	5	5	5	2
2897	4	4	5	4	1
2898	5	5	5	5	3
2899	4	3	5	3	4
2900	2	3	2	3	3
2901	4	3	4	4	1
2902	5	5	3	3	4
2903	3	3	3	1	4
2904	3	3	3	2	1
2905	5	5	1	1	1
2906	2	2	3	1	4
2907	1	2	5	1	4
2908	3	3	3	4	4
2909	4	5	4	5	4
2910	1	1	4	2	4
2911	2	1	5	1	3
2912	2	5	5	5	4
2913	1	1	5	5	4
2914	5	5	4	5	1
2915	1	1	4	1	4
2916	2	3	5	3	4
2917	3	3	3	3	4
2918	1	1	5	5	4
2919	3	3	5	3	3
2920	3	2	3	2	4
2921	4	4	5	1	2
2922	5	5	3	1	1
2923	3	3	3	1	3
2924	1	1	5	5	3
2925	3	3	5	5	4
2926	4	4	2	3	1
2927	2	3	4	5	4
2928	1	2	4	2	3
2929	3	5	1	4	1
