1	-0.447	1.476	-0.689	0	-1.214	0.761	0.084	1	-1.471	0.936	0.029	1
2	-0.372	0.135	-0.505	1	-0.635	0.613	-0.402	0	-1.073	0.497	0.19	0
3	0.46	-0.657	-0.175	1	-0.478	-0.674	-0.175	0	-0.767	-0.675	0.323	1
4	0.217	0.826	-0.804	1	0.127	0.13	-0.055	0	0.149	-0.033	0.361	3
5	-0.187	0.112	1.205	3	-1.504	-0.161	0.458	1	-1.1	-0.003	0.13	0
6	-0.07	-1.889	0.928	0	.	.	.	.	0.476	-2.336	0.707	1
7	0.115	0.532	-1.32	2	0.758	0.496	-1.422	3	.	.	.	.
8	-0.93	-1.142	0.794	2	-0.766	-1.313	0.653	0	-1.487	-1.28	0.653	2
9	1.392	1.319	-1.422	4	.	.	.	.	1.021	1.43	-1.32	6
10	-0.362	0.102	-0.135	2	.	.	.	.	.	.	.	.
11	0.201	-0.285	-0.35	1	.	.	.	.	.	.	.	.
12	0.434	0.638	0.403	0	.	.	.	.	.	.	.	.
13	0.201	-0.053	0.323	2	.	.	.	.	.	.	.	.
14	-0.442	-0.17	0.237	5	.	.	.	.	.	.	.	.
15	-0.451	1.284	0.403	4	-0.729	1.548	-0.446	2	-0.469	1.488	-0.865	2
16	-0.361	-0.773	0.491	3	-0.382	-0.65	0.653	2	-0.163	-0.604	0.653	2
17	-0.656	-0.546	0.444	0	.	.	.	.	.	.	.	.
18	-0.685	-0.546	0.323	0	.	.	.	.	.	.	.	.
19	-0.442	0.169	0.491	0	.	.	.	.	.	.	.	.
20	0.181	1.062	-0.554	0	0.956	0.863	-1.054	1	0.928	0.984	-0.015	1
21	-0.258	-1.089	-0.088	3	-0.848	-0.66	0.442	4	-0.426	-0.443	-0.865	3
22	-0.144	0.506	-0.175	2	-0.347	0.333	-0.135	2	-0.081	0.459	-0.172	3
23	0.498	0.21	-0.402	2	.	.	.	.	.	.	.	.
24	0.429	-0.605	-0.015	2	-0.315	0.149	-0.446	2	0	-0.058	-0.015	2
25	0.252	1.502	-0.172	0	-0.053	1.267	-0.172	1	0.052	1.464	0.238	0
26	0.116	0.81	-0.345	0	.	.	.	.	.	.	.	.
27	-0.685	0.525	-0.094	0	.	.	.	.	.	.	.	.
28	0.31	0.499	-0.535	3	-0.895	-0.341	0.653	2	.	.	.	.
29	-0.568	0.213	0.403	2	-1.356	0.122	0.539	3	-0.38	0.216	0.403	2
30	-0.209	0.193	-0.307	5	.	.	.	.	.	.	.	.
31	0.394	1.2	0.968	2	0.237	1.318	-0.689	5	0.093	1.42	-0.446	3
32	-0.446	-0.014	0.444	2	-0.255	0.136	0.403	3	-0.654	0.098	0.794	0
33	-0.617	0.045	-0.253	2	.	.	.	.	-0.187	0.208	0.373	3
34	-0.656	-0.8	0.361	0	.	.	.	.	.	.	.	.
35	-0.404	0.558	0.491	2	-0.44	0.204	1.133	2	.	.	.	.
36	-0.487	1.399	1.205	2	-0.76	1.558	0.794	2	-0.751	1.62	0.539	3
37	.	1.073	0.253	3	.	.	.	.	.	.	.	.
38	-1.561	1.334	-0.253	2	-0.914	0.991	-0.402	5	.	.	.	.
39	0.134	-1.068	-0.135	1	0.967	-1.391	-0.253	1	0.997	-1.309	-0.689	2
40	-1.058	-0.204	-0.621	3	0.842	-0.623	1.151	4	.	.	.	.
41	-0.119	0.605	0.238	0	.	.	.	.	.	.	.	.
42	-0.162	-1.526	-0.345	1	-0.679	-1.619	-0.608	0	.	.	.	.
43	-0.251	0.507	-0.253	1	0.112	0.533	0.074	4	-0.286	0.546	0.074	3
44	-1.033	-0.528	0.403	0	.	.	.	.	.	.	.	.
45	0.424	0.785	-0.345	0	0.077	1.107	0.212	0	0.633	1.14	-0.432	2
46	0.62	0.845	0.074	1	1.315	0.585	-0.535	2	0.799	0.573	0.074	1
47	-0.527	0.665	0.168	3	-0.501	0.558	-1.054	1	-0.712	0.703	-0.015	1
48	-0.07	-0.132	-0.015	3	0.189	-0.221	0.074	3	.	.	.	.
49	1.61	1.096	-1.32	0	1.8	0.691	-1.422	1	1.888	0.944	-0.446	0
50	1.303	1.381	-0.345	0	0.612	0.6	0.238	2	.	.	.	.
51	0.012	1.042	-0.803	0	0.018	0.905	-0.015	1	0.528	0.818	-0.015	2
52	1.366	-1.456	0.469	3	.	.	.	.	.	.	.	.
53	0.897	-0.049	-0.736	4	0.5	-0.433	-0.35	2	.	.	.	.
54	-0.139	-0.718	0.653	2	0.126	-0.498	0.809	2	-0.262	-0.476	0.653	5
55	-0.114	-0.601	0.653	1	1.11	0.086	-0.535	2	.	.	.	.
56	-0.104	-0.016	0.809	2	0.305	-0.041	-0.345	3	-0.406	-0.17	0.653	1
57	0.529	-0.243	-0.287	0	1.1	-1.084	0.116	3	1.397	-0.942	0.074	0
58	-0.932	0.234	0.242	1	-0.681	0.236	-0.446	3	-1.468	0.165	-0.015	3
59	1.45	1.624	-1.32	1	1.129	1.845	-0.803	1	1.094	2.002	-0.986	0
60	0.588	0.74	-1.32	3	1.246	0.564	-0.885	5	0.569	0.493	-0.803	5
61	0.532	-1.434	-0.35	3	-0.084	-2.163	-0.175	2	0.328	-1.979	0.856	5
62	0.554	0.831	0.074	3	0.2	0.867	-0.015	2	0.933	0.936	-0.345	2
63	-1.101	0.024	-0.803	4	-0.623	-0.483	-0.885	3	0.382	-0.493	0.491	2
64	0.012	1.13	0.074	5	0.616	1.033	0.238	3	.	.	.	.
65	0.434	0.485	0.074	2	.	.	.	.	.	.	.	.
66	0.358	0.696	-0.432	2	-0.047	0.577	-0.175	2	0.034	0.598	-0.015	3
67	-1.033	-0.763	-0.689	4	.	.	.	.	.	.	.	.
68	1.366	0.159	-0.535	4	.	.	.	.	.	.	.	.
69	-0.329	-0.83	-0.175	0	-0.192	-1.001	0.491	0	-0.387	-1.027	0.856	2
70	-1.307	-0.617	0.403	1	-0.042	-0.871	0.238	2	.	.	.	.
71	-0.543	-0.378	0.653	1	-0.112	0.053	0.653	2	0.123	-0.091	0.238	2
72	0.243	-0.363	0.071	2	-0.238	-1.003	0.237	2	-0.459	-0.858	0.074	0
73	1.457	0.344	-0.094	3	0.344	0.322	-0.253	4	1.455	0.224	-1.266	4
74	-1.561	0.926	0.553	2	.	.	.	.	.	.	.	.
75	-0.057	0.013	0.317	0	-0.29	-0.122	1.151	0	-0.247	-0.321	0.403	1
76	-0.905	0.839	0.652	3	-1.585	0.054	0.109	3	.	.	.	.
77	0.914	0.504	-0.986	2	.	.	.	.	.	.	.	.
78	-0.075	1.257	-0.803	2	0.442	1.061	-0.446	4	0.307	1.178	0.237	4
79	-0.353	0.267	0.469	2	0.103	0.214	1.166	0	-0.333	0.242	1.357	0
80	-1.846	-0.51	-0.017	4	-1.867	0.033	0.373	2	.	.	.	.
81	-1.286	0.819	-0.015	2	-0.434	1.122	-0.015	5	-0.351	1.092	-0.175	3
82	0.144	-0.919	0.238	0	-1.292	-1.28	1.041	2	.	.	.	.
83	0.677	0.332	-0.017	2	.	.	.	.	.	.	.	.
84	0.458	0.876	0.237	4	-0.258	0.709	-0.036	3	.	.	.	.
85	-0.173	1.081	-0.566	4	0.166	1.844	-0.566	3	-0.029	1.836	-0.172	2
86	0.503	1.176	-0.608	2	0.341	0.932	-0.689	2	0.606	1.084	-0.172	3
87	0.632	-1.86	-0.432	2	1.331	-1.937	-0.088	4	.	.	.	.
88	0.088	0.353	-0.015	6	.	.	.	.	.	.	.	.
89	0.473	-0.235	0.772	5	-0.032	-0.858	0.237	3	0.059	-0.818	0.403	2
90	1.366	1.537	-1.054	2	.	.	.	.	.	.	.	.
91	1.555	0.813	-1.32	2	1.574	1.225	-1.32	6	1.222	1.192	-0.803	2
92	-0.1	1.22	-0.172	2	0.048	1.687	-0.608	0	-0.036	1.835	-0.015	0
93	1.366	0.032	-1.32	0	.	.	.	.	.	.	.	.
94	0.848	0.591	0.026	4	.	.	.	.	0.478	0.651	-0.253	2
95	0.015	-0.266	-0.11	2	-0.645	-0.273	0.758	4	.	.	.	.
96	1.366	1.078	-1.422	1	.	.	.	.	.	.	.	.
97	1.862	1.07	1.151	1	1.87	1.327	-1.32	2	1.982	1.492	-0.865	1
98	0.28	1.516	-0.689	2	0.487	2.029	-1.422	2	0.38	2.06	-0.689	2
99	0.331	-1.243	0.652	0	.	.	.	.	.	.	.	.
100	0.035	-1.296	0.551	0	-0.625	-0.878	0.653	3	-0.396	-1.047	0.809	0
101	1.051	0.757	-0.554	4	1.337	1.066	-1.422	6	0.671	1.039	-0.175	2
102	1.112	-1.175	0.491	2	0.844	-1.224	-0.535	3	0.771	-1.265	0.968	2
103	-0.675	0.35	0.403	2	-0.529	0.143	0.238	3	-0.476	0.141	0.238	2
104	0.924	1.376	-0.172	3	0.607	1	-0.608	4	0.731	0.996	-0.015	5
105	0.168	1.415	-0.524	1	-0.535	1.02	0.074	1	-0.054	1.103	-0.094	2
106	-0.172	0.567	-0.885	1	1.034	0.778	-0.689	2	0.17	0.639	-0.416	1
107	0.371	-1.174	0.758	2	-0.593	-0.926	-0.803	1	0.729	-0.915	0.652	1
108	-0.288	0.612	-0.803	0	0.071	0.703	-0.524	1	0.932	0.786	-0.535	3
109	-0.521	0.485	-0.175	0	0.496	0.605	-0.803	1	-0.036	0.538	0.238	3
110	1.633	-0.001	0.809	1	1.65	0.78	-0.328	0	.	.	.	.
111	0.793	1.334	-0.304	1	0.314	1.433	0.809	1	-0.776	1.506	0.361	1
112	0.538	-1.719	1.133	0	0.919	-2.64	-0.432	2	0.617	-2.586	0.19	1
113	-0.567	0.843	-0.35	2	-0.17	0.821	-0.015	2	-0.164	0.887	-0.094	3
114	0.865	-0.187	1.166	3	1.042	-0.061	-1.32	4	0.988	0.166	-1.32	1
115	-1.033	-0.897	0.704	0	.	.	.	.	.	.	.	.
116	-0.32	-0.518	1.302	5	0.07	-0.358	0.856	3	-0.636	-0.51	0.984	2
117	0.216	0.741	-0.736	2	-0.021	0.635	-0.088	4	0.487	0.759	-0.036	0
118	1.175	0.41	-0.76	4	1.556	0.426	-0.535	6	1.346	0.48	0.074	4
119	0.313	-1.03	0.278	2	0.294	-1.66	0.652	0	0.653	-1.5	0.323	0
120	-0.2	0.982	1.041	2	1.116	0.322	-1.054	2	0.474	0.503	0.403	3
121	-1.376	-1.167	0.488	2	-0.556	-1.29	0.794	2	-0.611	-1.369	0.403	0
122	-0.323	0.127	0.491	5	-0.497	0.064	-0.036	1	0.342	-0.074	-0.729	2
123	0.491	0.294	0.343	1	0.853	0.449	0.968	2	0.324	0.312	0.343	0
124	0.451	1.102	-0.175	3	1.218	1.132	-0.015	2	0.538	1.2	-0.446	0
125	0.1	0.664	-0.885	2	.	.	.	.	0.292	0.344	0.631	4
126	0.68	-1.109	0.488	0	0.694	-1.426	0.469	0	0.596	-1.237	0.238	2
127	-1.561	-0.285	0.718	3	.	.	.	.	.	.	.	.
128	0.306	0.022	-0.253	1	0.812	0.032	0.323	2	1.267	0.054	-0.689	5
129	0.588	0.289	-0.505	1	1.246	0.563	-1.32	2	0.569	0.706	-1.054	1
130	0.717	0.975	-1.32	0	0.565	0.344	-0.432	3	0.802	0.227	-1.32	1
131	0.803	-2.133	0.809	2	1.583	-2.329	1.151	3	1.596	-2.153	0.469	4
132	-0.331	0.459	0.109	4	-0.139	0.663	-0.015	2	-0.114	0.623	-0.015	2
133	1.862	1.193	-1.422	2	1.87	1.391	-1.422	1	1.982	1.295	-1.422	2
134	-0.005	0.015	-0.35	3	0.532	0.175	-0.865	0	.	.	.	.
135	1.565	-0.506	0.361	5	0.776	-0.135	0.856	2	1.597	-0.252	-0.015	3
136	0.58	0.034	-0.253	0	-0.205	0.295	-0.175	0	0.316	0.333	0.238	0
137	1.862	0.566	-0.885	4	1.87	1.462	-1.422	3	1.982	1.337	-0.885	5
138	0.047	0.395	0.071	2	1.169	-0.235	-0.35	0	0.548	-0.238	-0.015	3
139	0.451	0.724	-1.422	1	1.323	0.663	-0.307	5	0.903	0.664	-0.253	4
140	0.272	-0.778	-0.287	0	0.331	-1.056	-0.328	1	.	.	.	.
141	-0.396	-1.019	0.968	2	-1.442	-1.183	0.968	3	.	.	.	.
142	-0.083	0.792	-0.172	3	0.178	1.096	0.074	4	-0.01	1.101	-0.566	4
143	-0.119	-0.62	0.237	0	.	.	.	.	.	.	.	.
144	-0.069	-1.889	0.968	1	0.105	-1.75	0.652	6	-0.456	-1.676	0.469	2
145	0.333	0.288	0.071	3	.	.	.	.	.	.	.	.
146	-1.423	-0.113	0.057	0	-0.383	-0.227	0.238	1	-0.851	-0.155	-0.015	2
147	-0.477	-0.377	0.061	0	0.422	0.732	-0.535	2	.	.	.	.
148	0.051	-0.665	-0.015	1	-0.41	0.322	-1.422	0	0.903	0.357	-1.422	1
149	1.048	0.675	0.343	3	1.531	0.83	-0.803	1	1.315	0.798	-0.566	3
150	1.555	-1.741	0.809	3	1.574	-2.497	0.469	0	1.222	-2.398	0.469	1
151	0.111	0.291	0.238	2	-0.075	-0.122	-0.015	2	-0.251	-0.118	0.539	3
152	0.201	0.236	0.074	0	.	.	.	.	.	.	.	.
153	-0.035	-0.763	0.458	3	.	.	.	.	.	.	.	.
154	-1.425	-0.915	0.551	1	-1.741	-1.182	0.361	1	.	.	.	.
155	0.268	0.166	0.809	0	0.097	-0.539	0.343	0	0.044	-0.515	0.758	0
156	1.294	0.696	0.809	5	0.638	0.878	0.652	4	0.806	0.763	-0.175	3
157	0.365	1.577	-0.803	2	0.007	1.527	-0.036	0	0.045	1.623	-0.172	0
158	-0.425	-1.353	1.133	3	-1.467	-1.672	0.442	1	-0.856	-1.5	0.652	2
159	0.645	0.999	-1.054	2	0.044	0.623	-0.036	1	0.107	0.661	0.373	3
160	0.406	-0.194	0.491	2	0.609	0.369	-0.729	2	0.984	0.142	0.653	3
161	1.633	-0.06	-0.803	2	1.65	-0.053	1.166	1	.	.	.	.
162	0.1	0.251	1.166	1	0.65	0.518	1.041	1	0.681	0.384	0.238	4
163	0.813	0.591	-0.35	1	1.354	0.385	-0.608	0	0.841	0.111	0.491	0
164	0.905	0.577	-1.32	1	.	.	.	.	0.617	0.614	-0.328	5
165	-0.119	-0.815	0.151	2	.	.	.	.	.	.	.	.
166	-0.664	-1.72	0.237	1	-0.229	-1.552	0.403	2	-0.422	-1.573	0.653	2
167	0.339	0.559	-0.535	0	0.013	0.752	-0.175	1	0.347	0.733	0.238	2
168	-0.245	0.659	0.469	0	-0.703	0.591	0.631	1	-0.426	0.563	-0.015	0
169	-0.414	0.04	-0.015	1	-0.434	-0.267	0.109	2	-0.411	-0.121	0.323	1
170	0.881	0.701	-1.32	3	0.143	0.445	-0.35	2	0.749	0.514	-0.017	5
171	1.641	1.331	-1.002	5	1.078	1.354	-1.422	3	1.697	1.41	-0.97	1
172	0.509	0.74	-0.088	5	0.524	0.117	0.856	2	0.746	0.283	-0.35	4
173	0.333	-1.293	0.278	5	.	.	.	.	.	.	.	.
174	1.366	-0.092	-1.154	4	.	.	.	.	.	.	.	.
175	-0.297	-0.61	0.653	0	-0.324	-1.057	1.482	1	.	.	.	.
176	-0.16	1.609	-0.645	0	-0.274	1.145	-1.32	3	.	.	.	.
177	1.16	0.645	0.469	0	0.134	0.847	-0.015	0	.	.	.	.
178	1.366	0.783	-1.422	2	.	.	.	.	.	.	.	.
179	-0.229	0.393	-0.015	3	-0.647	0.078	0.539	3	.	.	.	.
180	1.101	1.063	-0.885	2	1.125	0.699	-0.015	3	1.239	0.836	0.323	4
181	-0.782	0.578	0.809	4	0.691	0.615	-0.803	1	-0.795	0.608	-0.608	3
182	.	1.247	-0.689	0	.	.	.	.	.	.	.	.
183	-0.393	0.438	-0.446	1	-0.248	-0.064	0.026	1	-0.642	-0.166	-0.094	0
184	1.366	-1.853	0.469	0	.	.	.	.	.	.	.	.
185	-0.979	-0.412	-0.017	1	-0.465	-0.328	0.539	0	-0.521	-0.043	0.109	2
186	1.862	0.696	-0.885	3	1.87	0.644	-1.266	3	1.982	0.665	-1.32	4
187	-2.045	0.249	-1.422	0	-2.058	-0.235	0.026	0	-2.126	-0.211	0.084	5
188	0.451	0.339	-0.088	1	1.323	0.24	-0.088	2	0.903	0.075	0.238	3
189	1.366	0.783	-1.422	2	.	.	.	.	.	.	.	.
190	1.654	1.037	-1.32	2	1.67	1.051	0.074	3	1.481	1.024	0.238	3
191	0.173	0.581	-0.689	1	0.79	0.842	-0.689	1	0.97	1.016	-0.736	2
192	0.455	0.587	0.071	2	0.295	0.869	-0.803	2	0.38	0.845	-0.608	1
193	0.345	-1.093	-0.328	1	1.16	-0.404	-1.422	5	0.374	-0.616	0.551	4
194	-0.13	-0.943	-0.307	1	0.619	-0.351	0.278	2	-0.433	-0.416	0.027	6
195	0.793	-0.111	-0.253	3	1.149	0.143	0.116	5	1.48	0.214	-0.432	4
196	-0.169	-0.198	-0.608	3	-0.218	0.222	-0.094	4	-0.595	0.286	-0.885	4
197	-0.067	0.505	-0.015	2	0.744	0.669	-0.803	4	0.096	0.868	-0.307	4
198	0.448	-2.033	0.071	0	0.867	-1.672	-0.328	1	-0.727	-1.864	1.047	5
199	-0.083	0.229	-0.088	1	0.178	0.104	-1.154	2	-0.01	-0.034	0.403	2
200	0.991	0.807	-0.608	0	1.515	0.98	-0.328	3	1.296	1.09	-0.803	3
201	-0.674	-0.272	1.041	1	-0.472	0.387	-0.328	3	.	.	.	.
202	0.671	0.089	-1.154	0	-0.085	-0.149	-0.036	3	0.9	-0.142	0.458	3
203	0.383	0.052	-0.76	2	1.31	0.221	-0.094	2	0.886	0.218	-0.689	4
204	0.201	0.35	-0.608	0	.	.	.	.	.	.	.	.
205	0.301	0.871	-0.175	2	0.316	0.9	-0.175	2	0.564	0.76	-0.35	3
206	0.224	0.96	-0.135	0	0.242	0.835	-0.274	2	.	.	.	.
207	-0.564	0.278	0.458	1	-0.132	0.223	-0.094	4	0.027	0.004	-0.885	5
208	1.381	0.829	-0.689	2	1.076	0.608	-0.566	4	0.899	0.635	-0.135	4
209	0.254	-0.391	-0.015	0	0.27	0.321	-0.015	3	0.338	0.295	-0.015	4
210	-0.035	-0.61	0.525	0	.	.	.	.	.	.	.	.
211	-0.135	-0.595	0.237	0	-0.222	0.164	0.653	2	-0.091	0.178	-0.175	1
212	0.121	0.164	0.238	4	1.178	0.319	-0.253	5	.	.	.	.
213	-0.064	-1.146	0.469	0	-1.349	-2.078	1.482	0	.	.	.	.
214	0.723	-0.076	-0.172	2	-0.395	-0.007	0.323	1	0.31	-0.109	0.278	3
215	1.205	0.829	-0.35	0	1.225	1.088	-1.32	0	1.612	1.166	-1.32	0
216	-0.422	0.612	0.071	0	-0.427	1.284	-1.154	2	-0.641	1.121	0.238	2
217	0.455	-0.381	0.237	5	0.409	-1.01	1.482	2	0.332	-1.198	1.482	2
218	0.11	-0.298	-0.811	2	0.881	-0.062	0.027	2	0.628	-0.023	-0.175	3
219	-0.331	-0.85	0.403	1	-0.139	-0.31	0.323	2	-0.114	-0.433	-0.015	1
220	-1.016	-0.002	0.444	1	-0.325	-0.183	-0.446	0	-0.749	-0.156	0.444	0
221	-0.794	-0.361	-0.608	2	-0.825	-0.806	0.026	3	-0.819	-1.048	0.794	1
222	0.219	1.059	-0.608	1	-0.011	1.223	-0.608	4	0.283	1.212	-0.446	2
223	-0.226	-1.054	0.551	0	-0.125	-0.913	-0.094	0	-0.091	-0.849	-0.015	3
224	1.158	-1.493	0.317	1	1.425	-2.034	0.469	3	0.919	-2.014	0.968	0
225	0.252	-1.27	0.652	2	-0.053	-0.956	0.026	2	0.052	-0.949	-0.015	2
226	0.793	-0.108	-0.175	0	0.501	0.543	-0.608	1	0.219	0.354	-0.015	0
227	-0.768	-1.198	0.323	0	-0.78	-0.905	1.093	2	-0.709	-0.935	0.444	2
228	-0.302	-1.1	-0.432	0	0.194	-0.413	-0.446	3	-1.097	-0.518	-0.175	2
229	0.889	0.233	-0.135	0	.	.	.	.	.	.	.	.
230	0.745	-0.164	-0.175	0	1.275	0.425	-0.094	3	0.603	0.32	0.323	4
231	0.889	0.246	-1.32	3	.	.	.	.	.	.	.	.
232	0.217	-0.892	-0.135	2	.	.	.	.	.	.	.	.
233	-0.782	-0.836	0.525	0	-0.2	-0.797	0.238	0	-0.407	-0.931	1.047	1
234	0.37	-1.061	1.166	6	-1.181	-0.929	0.653	3	-0.167	-0.928	0.238	2
235	-0.807	-0.974	0.237	1	-0.837	-0.839	0.403	0	-0.88	-0.902	0.794	2
236	-1.177	-1.334	1.166	0	0.518	-0.687	0.809	2	-0.383	-0.534	0.525	2
237	-0.183	-0.445	0.491	3	-0.172	-0.071	-0.015	2	-0.352	-0.262	0.237	3
238	0.348	-0.783	0.155	2	0.89	-1.451	0.343	1	0.558	-1.295	-0.036	1
239	-0.084	-0.219	-0.175	6	0.115	-0.264	1.357	4	.	.	.	.
240	-1.561	-0.064	-0.175	3	.	.	.	.	.	.	.	.
241	0.03	-1.409	0.278	1	0.345	-1.19	0.237	1	-0.973	-1.273	1.166	0
242	1.108	1.877	-0.017	2	1.477	1.419	-0.811	4	.	.	.	.
243	0.606	-1.327	-0.865	1	-0.562	-1.922	0.469	2	-1.044	-1.942	1.166	1
244	0.468	0.607	-0.35	1	1.159	0.955	-0.017	0	0.321	0.876	-1.154	2
245	0.064	0.645	0.59	3	0.621	0.722	-1.32	1	0.573	0.755	-0.535	0
246	0.331	-1.799	1.041	1	.	.	.	.	.	.	.	.
247	-0.092	0.038	-0.307	1	0.107	0.083	-0.135	1	-0.024	0.221	-0.094	1
248	-0.51	-0.37	0.361	1	-0.106	0.014	0.469	2	0.136	0.098	-0.803	3
249	-0.121	0.008	0.758	1	-0.111	-0.081	0.026	3	-0.069	-0.155	0.026	3
250	-0.675	-0.269	0.469	3	-0.24	-0.359	0.968	2	-0.47	-0.168	0.109	1
251	-0.567	0.497	-0.608	0	-0.17	0.582	-0.535	0	-0.164	0.458	-0.446	2
252	0.946	1.212	-1.154	3	1.505	1.39	-0.97	3	1.284	1.469	-0.97	3
253	-1.561	-0.247	-0.335	3	.	.	.	.	.	.	.	.
254	-0.656	0.006	0.238	3	.	.	.	.	.	.	.	.
255	-1.314	-1.188	1.166	5	-0.263	-1.382	0.525	4	-0.521	-1.475	0.361	3
256	-1.561	0.669	0.469	0	.	.	.	.	.	.	.	.
257	0.233	-0.035	-0.608	2	-0.234	-0.006	-0.172	2	0.453	0.245	-0.015	0
258	-0.672	-0.064	-0.175	4	-0.224	-0.324	-0.535	2	.	.	.	.
259	0.408	0.476	-0.307	2	1.263	0.437	-0.803	2	.	.	.	.
260	1.633	-0.46	0.809	0	1.65	0.184	1.151	1	.	.	.	.
261	-1.524	0.419	-0.645	3	-0.915	1.251	-0.036	5	-0.969	1.238	-0.416	2
262	0.965	-1.006	0.968	1	0.042	-1.031	0.237	2	-0.056	-1.146	0.444	1
263	.	0.485	-0.088	0	.	.	.	.	.	.	.	.
264	-0.685	0.759	-0.328	0	.	.	.	.	.	.	.	.
265	-0.158	0.593	0.403	4	0.083	0.544	0.856	1	-0.48	0.637	-0.015	4
266	0.948	1.392	-0.175	1	0.762	0.829	-0.015	3	0.763	1.095	-0.803	3
267	0.445	0.686	-1.422	4	0.641	0.645	-1.32	5	0.176	0.683	-0.432	4
268	0.462	-0.012	-0.535	4	0.963	0.386	-1.054	3	0.829	0.101	-0.328	3
269	-0.599	0.448	0.074	4	-1.498	0.391	0.491	4	.	.	.	.
270	0.677	-0.256	0.317	4	.	.	.	.	.	.	.	.
271	-0.582	1.245	-0.885	2	0.24	0.506	1.151	0	0.896	0.765	-1.32	2
272	0.334	1.039	0.074	4	.	.	.	.	0.687	1.124	0.323	1
273	0.358	1.018	-1.32	5	-0.047	1.111	-0.865	6	0.034	1.14	-0.015	2
274	0.449	-0.568	0.155	0	0.245	-0.534	0.403	2	0.37	-0.501	0.237	1
275	0.686	1.243	-0.328	2	0.384	0.774	-0.015	3	0.756	0.794	-0.35	1
276	-0.228	0.752	-1.003	2	-0.216	0.807	0.109	0	-0.556	0.679	0.238	0
277	0.501	-1.309	0.071	1	-1.192	-1.232	-0.017	2	.	.	.	.
278	0.121	-0.062	-0.803	5	0.854	0.422	-0.736	0	0.357	0.283	-0.645	1
279	1.345	0.414	-0.986	2	0.651	0.873	0.652	3	0.964	0.901	-0.036	3
280	-0.583	-0.005	-0.35	0	-1.701	-0.961	0.238	1	-1.624	-0.93	0.442	1
281	1.366	0.938	-0.35	3	.	.	.	.	.	.	.	.
282	-0.204	-1.412	-0.432	2	0.022	-1.087	-0.811	0	0.024	-1.087	0.238	0
283	-0.841	0.925	-0.416	3	.	.	.	.	-1.091	1.052	-0.253	3
284	-0.362	-1.328	-0.885	3	.	.	.	.	.	.	.	.
285	0.677	-0.779	-0.432	3	.	.	.	.	.	.	.	.
286	0.411	0.231	-0.53	2	0.503	-0.285	-0.689	4	0.407	-0.272	0.109	2
287	-1.561	-1.295	0.323	1	.	.	.	.	.	.	.	.
288	-1.143	-1.362	0.772	2	0.544	-1.126	1.151	4	.	.	.	.
289	0.449	-0.03	-0.416	1	0.2	0.025	-0.135	3	-0.139	-0.081	-0.094	2
290	0.04	0.415	-0.015	3	-0.089	0.407	-0.446	3	-0.034	0.276	0.074	2
291	-0.697	-0.079	0.491	2	-0.187	-0.144	0.074	1	-0.193	-0.182	0.373	1
292	-1.561	0.938	0.074	0	.	.	.	.	.	.	.	.
293	0.624	1.187	-0.384	2	0.873	0.987	0.609	2	1.366	1.032	0.653	3
294	0.606	0.805	-1.32	3	1.292	0.268	-1.32	4	0.722	0.442	-0.328	4
295	-0.378	0.162	0.652	2	-0.236	0.657	-0.015	3	-0.592	0.506	0.539	2
296	.	-1.148	.	0	.	.	.	.	.	.	.	.
297	-0.209	0.85	-0.803	0	.	.	.	.	.	.	.	.
298	0.827	0.311	0.237	2	0.835	0.805	0.109	3	1.12	0.785	-0.172	4
299	0.082	0.754	-0.31	1	0.314	0.455	-0.345	2	-0.448	0.635	0.343	1
300	0.774	-0.452	-0.055	2	0.015	-0.606	-0.175	2	.	.	.	.
301	0.073	0.669	-0.986	4	-0.59	0.282	-0.35	0	.	.	.	.
302	-0.234	0.298	0.653	4	-0.675	-0.99	0.652	6	.	.	.	.
303	0.337	0.898	-0.402	1	0.065	0.752	-0.689	4	0.61	0.849	-0.446	1
304	-0.268	0.898	0.238	2	-0.077	0.909	-0.172	2	0.174	0.952	-0.865	4
305	-0.135	0.598	-0.088	4	-0.398	0.078	0.074	3	-0.353	0.23	-0.35	2
306	-0.015	0.745	-0.865	4	-1.176	0.586	0.444	2	0.032	0.545	-0.865	4
307	1.258	0.784	-1.422	5	0.461	0.971	-1.422	3	.	.	.	.
308	-0.412	-2.129	0.469	3	-0.422	-2.849	0.469	3	-1.273	-2.831	1.151	3
309	-0.042	-1.408	-0.287	4	-1.318	-1.726	0.361	5	-0.482	-1.409	-0.554	4
310	1.366	0.895	0.116	1	.	.	.	.	.	.	.	.
311	0.889	-1.705	0.809	0	.	.	.	.	.	.	.	.
312	0.326	1.544	-0.015	1	0.865	1.044	-0.803	2	0.454	1.045	-0.608	3
313	-0.168	0.178	0.057	1	-0.166	-0.054	0.109	2	0.131	0.166	-0.172	2
314	1.205	0.193	-0.307	0	1.225	0.265	-0.76	0	1.612	0.08	0.581	2
315	1.588	-1.036	0.361	3	0.873	0.129	0.155	4	1.628	0.078	-0.328	3
316	0.039	-0.529	0.809	0	-0.17	-0.685	-0.803	1	0.745	-0.616	-0.345	0
317	1.366	-0.713	-0.865	4	.	.	.	.	.	.	.	.
318	0.368	0.679	-0.402	2	0.511	0.221	0.652	2	0.474	0.097	0.237	2
319	0.407	-0.624	-0.088	0	0.498	-0.654	-0.015	0	.	.	.	.
320	-0.119	-0.546	-0.35	1	.	.	.	.	.	.	.	.
321	-1.562	-1.527	0.653	1	-0.938	-1.536	0.968	2	.	.	.	.
322	-0.647	-0.206	0.155	0	-0.71	0.365	-0.345	0	-0.277	0.347	0.074	1
323	-0.007	-0.74	0.323	0	-0.215	-0.124	-0.253	1	0.538	-0.169	-0.307	5
324	-0.775	-0.285	-0.865	4	-0.35	0.258	-1.054	4	-0.985	0.198	-0.736	5
325	-0.206	0.656	-0.446	3	-0.418	1.274	-0.446	2	0.638	1.267	-1.32	4
326	-0.656	-0.182	-0.535	0	.	.	.	.	.	.	.	.
327	0.114	0.895	-1.054	6	-0.367	0.365	0.458	0	.	.	.	.
328	-0.555	-0.031	0.551	3	0.283	0.174	-0.135	2	-0.312	0.202	0.794	2
329	0.283	0.61	-0.35	5	0.88	1.143	-0.566	5	0.539	0.97	-0.172	4
330	-0.967	-0.115	-0.345	2	-0.9	-0.514	0.238	1	-1.144	-0.536	1.482	2
331	-0.384	0.599	-0.094	3	-0.192	0.464	-0.608	2	-0.364	0.394	0.109	2
332	0.714	-0.275	-1.32	0	0.752	-0.885	-0.803	3	-0.232	-0.965	0.109	2
333	1.366	0.3	-0.094	5	.	.	.	.	.	.	.	.
334	0.602	-0.8	1.357	2	.	.	.	.	.	.	.	.
335	0.324	1.204	-0.094	0	-0.366	1.344	-0.678	4	0.985	1.446	-0.885	3
336	0.012	-0.159	-0.094	2	0.018	-0.083	-0.345	2	0.528	-0.106	-0.287	2
337	-0.295	-0.692	-0.088	0	-1.005	-0.786	0.968	1	-0.541	-1.031	0.491	0
338	-0.035	-0.087	0.539	0	.	.	.	.	.	.	.	.
339	0.009	-0.177	0.424	0	-0.199	-0.306	-0.307	2	.	.	.	.
340	1.16	-0.824	-0.432	0	0.134	-0.496	1.166	0	.	.	.	.
341	-0.895	-0.42	1.166	2	-1.556	-0.649	1.482	3	-0.964	-0.733	0.491	2
342	-0.203	-0.211	-0.015	2	-0.012	0.143	-0.885	3	0.473	0.172	0.373	0
343	-0.656	0.664	-1.154	4	.	.	.	.	.	.	.	.
344	-0.511	0.893	-1.054	0	-0.122	0.921	-0.175	1	0.056	0.844	-0.35	3
345	-1.432	0.037	0.323	2	-1.04	-0.443	0.027	0	-1.685	-0.469	-0.015	3
346	1.366	-2.14	1.047	1	.	.	.	.	.	.	.	.
347	0.331	-0.17	-0.307	3	.	.	.	.	.	.	.	.
348	1.572	0.559	-0.803	2	1.591	0.58	-0.088	3	1.269	0.605	-0.803	3
349	0.388	-0.841	0.238	2	-0.368	-1.214	-0.446	2	-0.443	-1.27	0.968	3
350	-1.078	-0.849	0.491	3	-0.859	-1.029	0.238	3	-0.873	-0.971	0.238	4
351	0.636	-0.763	0.491	2	-0.54	-0.842	-0.803	1	-0.001	-0.762	0.061	2
352	-1.561	0.059	0.809	3	.	.	.	.	.	.	.	.
353	0.206	-1.87	-0.287	3	1.106	-1.662	0.361	0	0.981	-1.652	0.586	0
354	0.602	-1.414	-0.226	4	.	.	.	.	.	.	.	.
355	-1.413	-1.195	1.166	0	-1.105	-1.062	1.166	1	-0.5	-0.933	0.872	4
356	1.705	0.307	-0.088	1	1.323	0.57	-1.266	1	1.781	0.5	-0.345	1
357	-0.209	-0.862	1.357	3	.	.	.	.	.	.	.	.
358	1.108	-0.434	0.155	1	1.477	-0.779	0.469	5	.	.	.	.
359	0.287	1.072	-1.054	3	0.809	1.343	-1.054	3	1.262	1.428	-1.002	4
360	-0.882	-0.012	-0.015	0	-0.206	-0.621	-1.422	3	-0.201	-0.589	-0.681	1
361	0.158	-0.498	-0.35	0	-0.074	-0.018	-0.53	3	-0.009	-0.132	-0.015	3
362	-0.951	0.318	-0.175	2	-0.267	0.607	-0.345	2	-0.481	0.538	-0.328	2
363	-0.247	0.431	-0.072	6	.	.	.	.	.	.	.	.
364	1.366	0.664	-0.35	2	.	.	.	.	.	.	.	.
365	-1.201	-0.288	-0.865	2	0.023	0.625	-0.865	2	-0.251	0.384	-0.015	4
366	-0.543	0.314	-0.35	3	-0.112	0.436	0.074	3	0.123	0.417	0.278	3
367	-0.816	-0.098	-0.335	4	-0.591	-0.51	0.168	5	-1.054	-0.531	-0.328	2
368	-1.808	-1.315	0.758	3	-1.832	-1.444	0.155	2	-1.507	-1.392	0.323	2
369	-0.729	0.938	-0.811	4	.	.	.	.	.	.	.	.
370	0.074	0.556	0.074	1	-0.371	0.612	-0.088	2	-0.31	0.684	0.19	1
371	0.201	-0.763	0.238	0	.	.	.	.	.	.	.	.
372	-1.561	-2.14	0.856	3	.	.	.	.	.	.	.	.
373	-0.658	-0.848	0.323	2	-0.179	-1.029	0.071	3	-0.412	-0.971	0.458	5
374	0.076	-1.724	-0.53	2	0.776	-1.702	0.168	1	0.171	-1.479	-0.253	2
375	-0.288	-0.37	-0.689	0	-0.567	-0.146	-0.094	0	0.291	0.043	-1.154	0
376	-0.183	0.363	0.444	0	-0.172	0.048	0.323	0	-0.352	0.215	0.026	0
377	-1.572	-0.927	0.653	2	-0.691	-0.733	0.653	2	-1.229	-0.786	1.357	4
378	-2.045	-1.71	0.968	2	-2.058	-1.344	0.458	1	-2.126	-1.355	1.302	2
379	-0.937	-0.943	0.856	0	-1.599	-1.001	1.482	0	.	.	.	.
380	-0.696	-1.132	0.856	0	-0.402	-0.985	0.907	1	-0.506	-1.057	1.357	2
381	-0.331	-0.878	0.278	0	-0.139	-0.58	0.237	1	-0.114	-0.679	0.856	2
382	.	-0.531	0.061	2	.	-0.903	0.389	2	.	-0.926	0.345	1
383	-0.1	-1.118	-0.253	3	-0.305	-1.006	-0.97	2	0.117	-0.957	-0.253	3
384	-0.557	-0.765	0.758	3	-0.11	-0.64	0.237	2	0.043	-0.386	0.313	0
385	0.201	-0.763	-0.689	0	.	.	.	.	.	.	.	.
386	-1.006	-0.955	0.491	2	-0.477	-0.046	0.278	2	.	.	.	.
387	0.03	-0.248	-0.175	0	0.382	0.142	-0.446	1	-0.446	0.042	-0.253	0
388	-1.053	-0.081	0.061	0	-0.845	-0.061	0.276	0	.	.	.	.
389	-0.618	-1.173	1.166	0	-1.506	-0.881	0.469	0	-0.907	-0.926	0.928	2
390	0.973	0.895	0.116	4	0.631	1.075	-0.885	2	0.926	1.021	0.074	4
391	-0.117	-0.842	0.704	0	-0.523	-0.717	1.093	2	0.13	-0.8	0.526	1
392	-0.197	-0.534	-0.172	1	-0.121	-0.59	0.794	0	-0.085	-0.641	0.373	2
393	-2.045	-0.067	-0.204	2	-2.058	-0.012	0.609	1	-2.126	-0.15	0.539	1
394	0.774	-0.471	0.074	2	0.19	0.071	-0.015	2	0.978	0.123	-0.689	2
395	-1.398	-1.318	0.968	0	-0.365	-1.035	-0.015	2	.	.	.	.
396	0.123	-1.965	0.444	0	-0.312	-1.995	0.237	2	-0.022	-1.89	0.491	1
397	-1.287	-1.457	0.941	4	-1.055	-1.785	1.151	2	-1.649	-1.982	1.151	3
398	-1.129	-0.682	-0.253	2	-1.523	-0.973	0.856	2	-0.735	-0.988	0.026	3
399	-1.931	-0.1	0.772	4	-2.028	-0.55	0.872	2	-2.085	-0.585	1.482	2
400	-0.714	-0.14	-0.015	2	-0.545	0.002	0.539	2	-0.54	0.17	-0.134	2
401	0.591	0.276	0.155	2	0.261	0.59	-0.416	2	0.42	0.543	-0.621	4
402	-1.079	-1.205	1.166	3	-1.093	-1.015	0.278	2	-0.698	-0.978	-0.136	2
403	-0.878	1.013	-0.505	0	-1.56	0.949	-0.094	2	-0.98	0.996	-0.175	1
404	0.217	0.276	-0.803	0	0.223	0.319	0.026	2	0.097	0.44	-0.446	1
405	1.394	0.183	-1.32	3	0.877	0.354	-0.736	3	1.024	0.39	-0.736	2
406	-0.354	-0.55	0.551	1	0.094	-0.663	-0.328	0	-0.336	-0.584	-0.175	3
407	-1.562	-0.541	0.237	4	-0.938	0.022	0.403	2	.	.	.	.
408	-0.121	-0.159	0.155	2	-0.111	-0.177	0.237	0	-0.069	-0.082	0.856	2
409	0.031	0.829	-0.088	0	-0.281	0.586	-0.072	2	-0.566	0.504	-0.416	0
410	-0.954	1.258	-0.811	1	-0.328	0.879	0.907	2	-0.789	1.012	-0.015	1
411	0.72	-0.133	0.809	1	.	.	.	.	0.212	-0.268	1.133	5
412	-0.694	-0.567	0.026	2	-0.469	-0.101	0.539	3	-0.469	-0.125	0.794	1
413	0.072	-0.289	0.13	1	-0.194	-0.16	0.403	0	0.222	-0.134	0.653	1
414	-0.076	1	-0.345	2	-0.129	1.168	-0.172	0	-0.181	1.146	0.238	4
415	0.013	-1.148	-0.135	3	-0.238	-1.102	0.074	3	-0.779	-1.276	0.526	3
416	-0.871	1.151	-0.094	1	-0.492	0.961	-0.015	0	-0.506	0.926	-0.015	1
417	-0.58	-0.601	-0.76	5	0.423	-0.849	0.809	4	-0.292	-0.636	0.109	2
418	-0.31	-0.112	0.074	1	-0.375	-0.586	0.653	2	-0.152	-0.502	-0.036	0
419	0.914	0.402	0.984	2	.	.	.	.	.	.	.	.
420	-0.794	0.194	0.238	2	-0.825	0.207	0.794	5	-0.819	0.296	0.653	3
421	-0.119	0.398	-0.175	0	.	.	.	.	.	.	.	.
422	0.672	0.145	-0.287	1	0.486	0.195	-0.015	3	-0.294	0.071	0.458	2
423	0.437	-0.305	-0.088	2	-1.033	0.078	0.373	1	0.347	0.043	-0.088	0
424	-1.893	-0.854	1.151	2	-1.479	-0.967	0.653	2	-1.923	-1.007	0.872	1
425	0.281	-0.455	-0.35	2	-0.133	-0.557	0.109	0	-0.693	-0.682	0.237	2
426	0.202	0.708	-0.505	1	0.264	0.341	-0.608	0	0.327	0.282	-0.554	1
427	0.201	-0.37	-0.175	0	0.118	-0.172	-0.015	0	.	.	.	.
428	0.169	-1.839	-0.986	1	.	.	.	.	-0.457	-1.257	0.168	1
429	-0.678	-0.802	0.074	0	-0.713	-0.869	0.491	0	-0.282	-0.93	0.109	0
430	0.259	0.713	-0.446	0	0.054	0.339	-0.446	2	0.591	0.241	0.238	2
431	-0.965	-0.712	1.151	1	-0.281	-0.69	1.357	2	.	.	.	.
432	0.336	-0.157	-0.175	1	-0.281	-0.594	0.323	3	.	.	.	.
433	-0.83	0.112	-0.505	6	-0.435	-0.409	-0.094	2	-1.383	-0.611	0.238	2
434	0.616	0.326	-1.154	1	0.809	0.77	-0.282	3	0.285	0.51	-0.328	3
435	-0.948	-0.547	0.238	0	-0.792	-0.074	0.109	2	-0.572	-0.07	-0.384	2
436	-1.001	0.337	0.237	2	.	.	.	.	.	.	.	.
437	-0.031	-1.033	0.403	2	-0.039	-1.354	0.794	2	-0.001	-1.209	0.794	2
438	-1.561	-0.815	-0.094	1	.	.	.	.	.	.	.	.
439	-1.699	-0.174	1.166	2	-1.318	-0.843	1.357	2	-1.378	-0.8	1.482	2
440	0.553	0.701	-1.32	1	-1.138	1.255	-0.736	1	-0.091	1.323	-0.729	2
441	.	0.01	-0.204	0	.	.	.	.	.	.	.	.
442	.	1.132	-1.154	2	.	.	.	.	.	.	.	.
443	.	-0.686	-0.072	0	.	.	.	.	.	.	.	.
444	-1.327	-0.431	0.484	1	-0.289	-0.172	-0.599	0	-0.555	-0.156	0.539	1
445	1.366	-0.122	-0.307	3	.	.	.	.	.	.	.	.
446	0.173	0.153	-1.266	0	0.41	0	-0.885	1	1.134	0.212	-0.885	1
447	-0.783	0.429	1.166	1	-1.62	0.185	0.855	1	-1.246	0.391	0.403	2
448	1.301	1.403	-1.32	2	1.711	1.633	-1.32	2	1.769	1.607	-0.803	5
449	-0.201	-0.496	0.444	2	0.62	-0.288	0.403	2	0.378	-0.369	0.313	4
450	-0.362	0.332	0.653	1	.	.	.	.	.	.	.	.
451	-0.722	0.4	-0.055	2	.	.	.	.	-1.057	0.101	0.348	1
452	-0.221	0.392	0.237	0	-0.165	0.301	0.539	0	-0.544	0.41	0.403	0
453	-0.514	-1.746	0.941	3	0.499	-1.937	0.551	6	-0.778	-2.01	1.047	1
454	-1.431	-0.813	0.491	2	-1.898	-0.664	0.155	2	-1.903	-0.726	0.403	2
455	-0.603	-1.206	-0.432	2	-0.801	-1.66	0.652	3	-0.779	-1.67	0.491	2
456	1.366	1.125	-0.446	1	.	.	.	.	.	.	.	.
457	-0.206	0.619	-0.253	2	-1.212	0.344	-0.535	1	-0.012	0.544	-0.803	2
458	0.348	0.179	-1.154	0	0.615	0.667	-0.689	1	0.415	0.631	-0.094	2
459	0.44	-0.37	-0.535	1	0.281	-0.172	-0.175	1	.	.	.	.
460	-0.412	-1.576	0.343	1	-0.422	-1.247	1.482	0	-1.273	-1.269	0.772	0
461	-0.476	0.903	-0.505	2	-0.474	0.962	-0.055	2	-0.708	0.98	-0.608	3
462	1.193	2.722	-1.32	3	0.266	2.443	-0.803	5	0.626	2.573	-1.154	4
463	-1.885	-1.802	1.18	0	-1.422	-2.148	0.484	0	-1.912	-2.105	0.14	0
464	0.889	-0.763	-0.015	4	.	.	.	.	.	.	.	.
465	-1.219	-0.228	0.941	0	-1.246	-0.491	-0.803	0	-1.263	-0.575	-0.803	3
466	.	-0.062	-0.094	2	.	.	.	.	.	.	.	.
467	1.29	-0.74	1.041	1	.	.	.	.	0.757	-1.121	0.652	2
468	1.633	1.313	-0.35	2	1.65	1.434	-0.432	2	.	.	.	.
469	0.057	-0.256	-0.015	2	-0.158	-0.173	-0.094	2	0.052	-0.268	-0.094	1
470	-2.045	-1.458	1.482	0	-2.058	-1.306	1.482	1	-2.126	-1.377	0.809	4
471	1.366	0.011	-0.287	3	.	.	.	.	.	.	.	.
472	1.366	1.668	-1.32	4	.	.	.	.	.	.	.	.
473	1.366	0.551	-0.865	3	.	.	.	.	.	.	.	.
474	-0.436	0.058	0.653	3	0.76	0.784	-1.422	5	-0.709	0.772	-0.795	2
475	-1.542	0.322	0.361	4	-1.005	0.349	-0.885	2	-0.988	0.418	0.525	1
476	-0.214	-0.205	0.631	4	-0.462	-0.413	0.469	2	-0.379	-0.412	-0.535	2
477	0.282	-0.91	0.809	0	-0.553	-1.025	-0.803	1	0.927	-1.054	0.551	0
478	0.714	0.92	0.491	0	0.17	1.084	0.491	0	0.961	1.197	-0.175	0
479	1.366	0.677	-0.729	0	.	.	.	.	.	.	.	.
480	0.671	0.053	-0.253	1	0.664	-0.319	-0.432	1	1.326	-0.194	0.109	4
481	-1.665	0.077	0.856	1	-1.115	0.1	0.444	3	-1.353	-0.001	0.403	2
482	-1.34	-1.681	0.809	0	-0.338	-1.425	0.551	1	-0.581	-1.504	1.151	3
483	-1.016	-0.948	-0.175	2	-0.284	-0.571	-0.175	2	-0.766	-0.642	0.373	2
484	-1.033	-0.546	0.403	2	.	.	.	.	.	.	.	.
485	-1.568	0.8	-0.729	2	-0.955	0.393	0.109	2	.	.	.	.
486	-0.103	-0.76	0.361	3	0.017	-0.324	0.361	3	.	.	.	.
487	-0.36	0.819	-0.307	0	0.446	1.103	-0.803	2	0.462	1.142	-0.015	0
488	-0.115	1.22	0.809	0	0.273	1.149	1.166	0	.	.	.	.
489	-0.278	0.586	0.074	0	-0.956	0.536	1.357	1	-0.477	0.765	0.238	3
490	0.987	1.059	-0.524	3	0.176	0.347	-0.803	0	-0.038	0.44	-0.088	1
491	-1.263	1.467	-0.535	3	-1.689	1.665	0.525	2	.	.	.	.
492	1.254	1.375	-0.566	2	0.434	1.005	-0.689	3	0.762	0.99	-0.403	2
493	0.292	-0.122	0.026	4	-1.196	-0.581	0.238	3	-0.185	-0.581	0.238	0
494	0.333	0.988	-1.32	3	.	.	.	.	.	.	.	.
495	0.753	1.317	-0.608	2	0.994	0.935	-1.054	4	.	.	.	.
496	-0.362	0.437	0.403	2	.	.	.	.	.	.	.	.
497	0.958	0.781	-0.689	3	0.828	0.669	-0.689	3	0.776	0.693	-0.566	3
498	-1.561	0.994	0.653	2	.	.	.	.	.	.	.	.
499	0.23	0.033	-1.003	1	-0.845	0.169	0.442	0	.	.	.	.
500	-0.035	0.056	0.237	5	0.222	0.148	-0.35	1	0.21	0.107	-0.446	4
501	1.379	-0.101	-0.885	4	0.864	0.554	-0.986	2	.	.	.	.
502	-0.414	1.006	-0.172	3	.	.	.	.	0.386	1.18	-0.089	3
503	0.443	-0.538	0.373	2	0.284	0.136	0.373	0	0.324	0.156	0.109	0
504	-1.298	0.179	0.136	1	-1.724	0.507	0.707	0	-1.374	0.53	0.458	0
505	0.519	1.033	-0.136	0	-0.883	1.257	0.084	0	-0.345	1.323	0.212	2
506	-0.619	0.731	0.237	3	-1.161	0.772	0.343	2	-1.136	0.611	-0.35	2
507	-0.703	0.417	-0.175	3	-0.728	0.33	-0.803	2	-0.509	0.282	-0.608	2
508	0.816	-0.025	-0.795	0	1.393	-0.717	0.809	2	.	.	.	.
509	-0.185	0.825	-0.253	3	0.197	0.89	-0.803	2	-0.522	0.931	-0.328	4
510	-0.366	0.26	-0.689	1	-0.856	0.499	-0.136	3	-0.954	0.414	-0.689	2
511	-0.886	0.68	0.238	0	-1.77	0.108	0.539	0	-1.723	0.212	1.041	0
512	0.646	-0.21	0.237	2	-0.469	0.138	0.317	2	0.014	0.165	0.968	2
513	0.4	-0.979	0.551	1	1.209	-0.164	0.526	0	0.527	-0.369	1.047	0
514	-0.33	1.125	-1.054	2	.	.	.	.	-0.113	1.468	-1.054	2
515	0.29	-0.156	-0.689	0	-0.587	-0.382	-0.446	0	-0.076	-0.584	0.071	0
516	.	-0.568	0.652	1	.	.	.	.	.	.	.	.
517	0.362	-0.254	0.789	0	0.372	-0.314	1.166	2	-0.877	-0.366	1.151	1
518	-0.07	0.941	0.237	2	0.189	1.27	-0.608	1	.	.	.	.
519	0.566	-1.657	-1.422	2	0.047	-1.644	0.809	0	0.412	-1.654	0.526	1
520	-0.675	0.855	0.109	0	-0.529	0.406	-0.036	0	-0.476	0.477	0.794	0
521	1.184	-1.977	0.809	0	0.386	-1.884	1.482	0	0.542	-1.958	1.357	1
522	0.108	-0.51	0.984	0	0.716	-0.254	-0.094	2	-0.109	-0.225	-0.97	3
523	-0.103	-1.255	0.469	2	0.842	-1.487	0.469	3	-0.562	-1.632	0.469	2
524	0.677	0.64	1.093	3	.	.	.	.	.	.	.	.
525	-0.614	0.272	0.491	2	-1.072	0.326	0.403	2	.	.	.	.
526	-0.501	-1.632	0.984	1	-0.378	-1.732	0.155	0	-0.508	-1.668	1.357	0
527	-0.173	0.297	0.539	0	0.166	-0.684	0.469	2	-0.029	-0.512	0.071	3
528	0.889	-1.293	0.809	0	.	.	.	.	.	.	.	.
529	0.334	1.162	-0.175	4	.	.	.	.	0.687	0.87	-0.175	3
530	0.549	-1.124	0.116	2	1.345	-1.382	-0.366	1	0.931	-1.294	0.491	0
531	0.411	0.396	-0.689	4	0.503	0.543	-0.35	3	0.407	0.539	0.238	0
532	0.593	0.311	0.151	2	0.022	0.189	0.491	3	.	.	.	.
533	-1.723	-1.618	1.482	0	-0.763	-1.864	1.482	0	-1.694	-1.942	0.361	0
534	1.239	-0.799	1.482	0	.	.	.	.	0.621	-1.571	0.809	1
535	0.088	-0.763	0.403	1	.	.	.	.	.	.	.	.
536	0.616	-0.37	-0.036	1	0.423	-0.172	0.794	1	.	.	.	.
537	0.618	0.152	0.027	3	0.706	0.02	0.238	1	-0.258	-0.013	-0.432	0
538	-0.656	0.625	0.484	3	.	.	.	.	.	.	.	.
539	-0.426	1.133	0.652	3	-0.727	0.468	-0.015	2	-0.489	0.547	0.14	2
540	-0.738	0.939	0.168	0	-0.762	0.649	-0.175	1	.	.	.	.
541	0.404	-1.031	-0.088	0	0.246	-0.876	0.237	1	0.138	-1.01	0.238	1
542	0.269	-0.818	0.343	0	-0.041	-0.941	0.373	0	.	.	.	.
543	-0.75	-0.862	0.491	2	-0.473	-0.817	0.491	2	-0.75	-0.833	0.238	3
544	1.862	1.942	-0.986	2	1.87	1.729	-0.535	2	1.982	1.826	-1.32	2
545	0.319	0.787	0.652	0	-0.499	1.301	-0.803	0	0.035	1.126	-0.535	2
546	0.018	-0.051	-0.53	1	-0.038	-0.811	0.491	1	0.241	-0.763	0.856	0
547	0.201	0.775	-0.015	1	.	.	.	.	.	.	.	.
548	0.636	0.384	-1.32	1	1.332	0.029	0.469	2	.	.	.	.
549	-0.579	0.286	0.403	2	-0.85	0.053	0.151	2	-1.055	-0.041	0.109	4
550	0.346	1.083	-0.226	0	-0.851	1.701	-0.865	1	-0.112	1.659	-1.154	1
551	1.208	0.977	1.302	0	0.941	1.381	-0.432	1	0.385	1.367	0.238	0
552	1.246	1.208	-1.32	4	0.427	1.396	0.237	2	.	.	.	.
553	-0.043	0.792	-1.002	2	0.489	0.65	0.212	4	0.054	0.88	-0.094	5
554	0.105	-0.917	1.151	2	1.099	-0.505	0.809	1	0.268	-0.856	1.166	2
555	-0.24	0.316	-0.015	2	-0.227	0.336	0.238	2	-0.61	0.272	0.794	3
556	-1.846	-0.435	0.653	1	-1.867	0.514	-0.535	3	.	.	.	.
557	-0.115	0.121	0.071	2	0.337	0.681	-0.416	0	-0.234	0.668	-0.094	3
558	-0.371	-1.053	1.482	1	-0.82	-1.288	1.041	0	-0.994	-1.251	0.809	1
559	-0.725	-0.27	0.653	1	0.917	-0.026	-1.32	3	0.001	-0.234	0.074	2
560	-0.656	0.236	-0.015	3	.	.	.	.	.	.	.	.
561	0.629	0.385	-0.088	5	-0.456	-0.226	-0.015	3	-1.013	-0.405	0.403	1
562	-0.19	0.543	-0.253	3	0.53	0.544	-0.345	2	0.301	0.58	-0.986	3
563	0.818	0.426	-0.015	2	1.129	-0.006	-0.885	3	0.049	0.058	0.469	0
564	0.106	0.664	0.491	3	-0.1	1.03	-0.608	2	0.245	1.122	-0.554	3
565	0.09	0.483	-0.608	1	0.482	0.424	-0.35	2	-0.04	0.39	-0.608	3
566	1.301	-0.025	0.968	3	1.711	0.548	-0.35	0	1.769	0.599	-0.885	0
567	1.068	0.634	-1.32	2	0.465	0.521	0.212	5	1.097	0.522	-0.535	2
568	-1.003	0.525	0.238	0	.	.	.	.	-0.598	1.008	-0.253	4
569	-0.401	0.825	-0.017	3	-0.249	0.895	-0.172	3	-0.644	0.973	-0.97	4
570	0.848	-0.316	1.041	1	0.445	-0.626	0.313	3	0.478	-0.635	0.652	2
571	0.396	0.653	0.361	4	1.261	0.59	-0.689	4	.	.	.	.
572	0.405	0.306	-0.35	5	-0.088	0.244	-0.865	3	-0.198	0.309	-0.015	5
573	-0.28	1.386	-1.154	3	-1.05	1.447	-1.154	3	-0.763	1.432	-0.986	4
574	1.588	0.263	1.302	2	0.873	0.383	-0.373	3	1.628	0.327	-0.986	5
575	1.542	-0.45	1.482	2	0.683	-0.076	1.482	2	1.568	-0.225	0.361	2
576	-1.561	0.918	-0.175	0	.	.	.	.	.	.	.	.
577	-0.06	0.212	-1.422	1	.	.	.	.	-0.107	0.504	0.116	6
578	-0.396	-1.679	0.809	1	-1.442	-1.902	0.809	3	.	.	.	.
579	-0.492	0.48	-0.172	2	0.337	-0.28	0.794	3	-0.059	-0.28	0.373	3
580	0.088	0.006	-0.986	1	.	.	.	.	.	.	.	.
581	0.266	-1.727	0.361	1	1.223	-0.435	0.361	5	.	.	.	.
582	0.173	0.072	0.653	2	0.41	-0.229	0.151	3	1.134	-0.177	0.458	3
583	-0.538	0.601	-0.172	1	0.383	0.717	-1.32	3	-0.176	0.751	-0.729	3
584	0.805	-0.734	0.809	3	0.3	-0.059	1.047	0	0.445	-0.17	-0.253	2
585	0.636	0.338	0.238	1	1.332	0.787	-1.32	4	.	.	.	.
586	-0.024	1.432	-0.608	1	0.517	1.376	-0.036	2	1.109	1.508	-0.446	3
587	0.289	0.478	-0.175	5	0.6	0.477	-0.446	3	.	.	.	.
588	0.41	0.813	0.151	3	0.118	0.687	-0.535	4	.	.	.	.
589	-0.492	-0.052	0.469	3	-0.105	0.325	-0.015	6	0.134	0.157	-0.53	3
590	-1.575	-0.078	-0.175	3	-1.609	0.374	0.074	0	-0.838	0.509	-0.036	3
591	0.469	0.285	-0.432	3	0.843	0.339	-0.35	3	1.317	0.27	-1.32	2
592	-1.398	-0.211	0.652	0	-0.365	0.749	-0.094	3	.	.	.	.
593	-0.356	-0.107	0.968	0	0.259	-0.672	0.442	0	0.559	-0.467	1.357	2
594	-0.862	-0.657	0.403	3	-0.884	-0.596	-0.505	3	-1.12	-0.701	0.071	3
595	0.455	0.806	-0.803	0	1.259	1.253	0.071	2	0.676	1.152	-0.736	5
596	-0.658	0.706	0.968	2	-0.179	1.49	-0.345	1	-0.412	1.626	-0.729	1
597	-0.094	0.466	-0.335	1	-0.538	0.977	-0.35	0	0.057	0.79	0.155	1
598	1.366	-0.877	0.59	2	.	.	.	.	.	.	.	.
599	-0.949	0.128	1.166	3	-0.72	-0.805	0.968	2	-1.483	-0.765	1.166	4
600	-0.685	0.406	0.071	1	.	.	.	.	.	.	.	.
601	-0.022	-0.007	-1.422	4	-0.02	0.867	-0.885	3	.	.	.	.
602	-1.355	0.032	0.968	3	-0.801	-0.148	-0.036	2	-0.432	-0.25	0.238	2
603	0.924	-0.197	-1.32	2	0.607	0.094	0.071	4	0.731	0.242	0.653	3
604	0.545	0.823	-1.154	3	.	.	.	.	1.332	0.702	-0.253	3
605	-0.555	1.242	0.653	2	0.615	1.744	-0.088	3	-0.254	1.825	0.238	3
606	-0.514	-0.035	-0.986	2	-0.745	-0.184	0.794	3	.	.	.	.
607	-0.514	-0.49	-0.535	0	0.499	-1.38	0.469	3	-0.778	-1.413	0.968	1
608	0.214	-0.378	-0.865	5	.	.	.	.	1.208	-0.491	-1.054	3
609	0.471	-1.221	-0.088	1	0.429	-1.24	-0.35	2	0.406	-1.241	1.047	0
610	-0.294	-0.265	-0.094	1	-1.325	0.076	0.809	2	-0.392	0.066	0.907	3
611	-0.753	-0.329	-0.172	1	-0.828	-0.533	1.166	3	.	.	.	.
612	0.219	0.184	-0.736	2	-0.396	0.079	0.237	4	-0.51	0.105	-0.094	2
613	0.009	0.45	-0.384	5	0.453	1.095	0.109	4	0.325	1.047	0.237	2
614	0.501	0.222	-0.134	0	-1.192	0.218	1.047	0	.	.	.	.
615	-0.434	1.085	-1.422	2	-0.055	1.361	-0.524	2	-0.615	1.262	-0.446	3
616	0.217	0.236	-1.422	2	.	.	.	.	.	.	.	.
617	-0.269	1.157	0.238	0	0.521	1.236	-0.345	2	0.82	1.338	-0.535	3
618	-0.062	0.563	-0.135	2	0.271	0.489	0.238	2	0.487	0.525	-0.803	3
619	0.088	0.677	-0.803	0	.	.	.	.	.	.	.	.
620	0.217	0.216	-0.345	0	.	.	.	.	.	.	.	.
621	0.64	0.154	0.968	2	0.108	0.383	0.238	0	0.687	0.489	-0.345	2
622	-0.188	-0.258	0.469	0	.	.	.	.	-0.623	-0.002	-0.282	2
623	-0.594	0.035	-0.402	3	-0.799	-0.399	-0.015	1	-0.777	-0.44	0.653	1
624	0.879	0.928	-0.088	1	0.692	1.159	-0.35	0	0.499	1.18	-0.35	2
625	0.122	-0.574	-0.689	0	-0.361	0.116	0.238	0	-0.067	0.011	0.238	0
626	0.54	0.698	0.238	1	-0.363	0.251	0.343	2	-0.483	0.305	0.539	0
627	0.541	-0.02	0.343	2	0.91	-0.137	-0.608	3	0.556	-0.227	-0.175	2
628	1.366	-0.053	-0.088	5	.	.	.	.	.	.	.	.
629	-0.841	0.147	0.653	0	0.085	0.027	-0.524	5	.	.	.	.
630	-0.497	-0.129	-0.092	0	0.331	-0.349	0.653	3	.	.	.	.
631	0.235	-0.137	0.074	0	.	.	.	.	-0.512	-0.782	0.343	0
632	-1.024	-1.275	0.491	2	-0.383	-1.494	0.343	3	-0.763	-1.403	-0.304	0
633	0.381	0.179	-0.088	2	1.268	0.123	-0.986	3	0.746	0.279	-1.266	3
634	0.458	0.388	-0.172	1	-0.258	0.223	-0.345	2	.	.	.	.
635	-0.592	0.313	-1.154	3	-0.55	0.367	-0.97	1	0.23	0.303	-0.729	2
636	1.366	0.099	0.928	0	.	.	.	.	.	.	.	.
637	-1.415	-0.739	0.653	1	-0.422	-1.235	0.343	1	.	.	.	.
638	-0.109	-0.554	0.586	0	-0.783	-0.275	-0.055	1	0.285	-0.348	0.084	2
639	-0.193	-0.068	0.794	4	0.434	0.404	-0.35	3	-0.116	0.272	-0.345	4
640	1.074	-1.059	0.343	2	1.651	-1.432	0.469	6	1.689	-1.533	0.491	4
641	-0.126	0.139	-0.204	1	-0.603	-0.2	0.074	0	0.026	-0.259	0.488	5
642	-0.118	-0.172	-0.088	2	-0.209	-0.128	-0.681	5	-0.016	-0.243	0.653	0
643	1.317	1.207	-0.885	3	0.664	1.304	-0.608	4	.	.	.	.
644	0.68	0.85	0.074	4	0.693	1.019	-0.811	2	.	.	.	.
645	0.602	1.251	-0.175	3	.	.	.	.	.	.	.	.
646	-0.261	0.347	-0.175	2	0.55	0.716	-0.175	3	-0.067	0.638	0.373	3
647	1.366	0.9	-1.32	0	.	.	.	.	.	.	.	.
648	0.359	-1.002	0.809	2	-0.047	0.072	-0.35	5	0.035	-0.159	-0.133	3
649	0.315	-1.216	0.809	4	0.855	-0.161	-1.266	5	0.415	-0.392	-0.017	4
650	-0.188	0.566	0.237	4	-0.433	0.6	0.109	3	.	.	.	.
651	0.186	-0.566	0.237	4	-0.045	0.198	0.238	4	0.124	-0.215	1.482	0
652	-0.037	-0.773	0.084	2	-0.175	-0.23	-0.608	3	-0.506	-0.451	-0.604	0
653	0.732	-1.124	-1.32	2	1.204	-0.329	-0.608	5	0.355	-0.639	0.151	6
654	0.17	0.947	-0.729	1	-0.061	0.734	-0.53	4	.	.	.	.
655	-1.561	0.748	0.237	3	.	.	.	.	.	.	.	.
656	0.444	1.216	-0.803	2	0.637	1.848	-0.345	2	.	.	.	.
657	0.717	0.924	0.071	1	0.001	0.75	-0.689	4	0.112	0.768	0.074	2
658	-0.209	-0.356	-0.015	4	-0.368	0.282	-1.422	3	-0.396	0.149	-0.803	3
659	0.326	-0.902	0.539	1	1.369	-0.67	0.469	3	1.12	-0.729	0.551	3
660	0.879	0.235	-0.35	2	0.692	0.293	-0.535	2	0.499	0.234	-0.384	1
661	0.941	0.852	-0.535	5	0.756	0.868	-1.32	0	.	.	.	.
662	-0.362	-0.062	-0.175	2	.	.	.	.	.	.	.	.
663	0.201	0.731	-0.446	2	.	.	.	.	.	.	.	.
664	1.366	0.705	-0.35	3	.	.	.	.	.	.	.	.
665	-0.024	0.519	-0.135	2	0.005	0.783	-0.253	2	-0.526	1.06	-0.328	1
666	1.633	0.606	-0.865	6	1.65	0.787	-0.35	2	.	.	.	.
667	-1.826	-0.654	0.488	1	-1.849	-0.277	0.403	2	-1.554	-0.343	0.653	2
668	1.476	0.951	0.469	1	0.421	1.19	-0.986	2	1.481	1.134	-1.422	3
669	0.116	0.059	-0.11	2	.	.	.	.	.	.	.	.
670	1.246	0.525	-0.253	2	0.427	0.493	-0.689	3	.	.	.	.
671	-0.402	-0.976	0.68	0	-0.687	-1.017	-0.088	1	.	.	.	.
672	1.108	-0.332	-0.307	1	1.477	0.24	0.525	2	.	.	.	.
673	-0.38	0.469	0.238	2	-1.437	1.125	-0.608	0	.	.	.	.
674	-0.06	0.572	-0.432	5	-1.348	0.741	0.403	5	.	.	.	.
675	0.434	0.73	-0.689	2	.	.	.	.	.	.	.	.
676	0.224	0.21	0.652	3	0.242	1.015	0.238	5	.	.	.	.
677	0.262	0.231	0.238	3	0.595	0.388	-0.088	3	.	.	.	.
678	1.572	1.472	-1.277	3	1.591	1.296	-1.422	1	1.269	1.324	-0.76	0
679	0.119	-0.432	0.026	1	-0.625	-0.607	1.357	4	.	.	.	.
680	1.862	0.438	-1.054	0	1.87	0.693	-1.32	2	1.982	0.751	-0.608	1
681	-2.045	0.901	-0.284	1	-2.058	0.7	-1.092	1	-2.126	0.623	0.361	0
682	-0.072	0.91	0.238	0	0.549	0.518	-1.32	5	0.326	0.611	-0.35	1
683	-1.66	-0.502	0.968	2	.	.	.	.	-1.346	-0.651	0.237	0
684	0.133	1.253	-0.524	1	-0.416	1.335	-0.446	3	0.4	1.231	0.653	3
685	-0.67	0.027	-0.865	0	0.026	0.816	-0.608	2	0.627	0.819	-1.054	4
686	-0.073	-1.281	1.166	0	.	.	.	.	0.1	-0.792	1.166	3
687	-1.229	0.393	0.809	1	0.678	0.641	-0.036	2	-0.636	0.491	0.809	4
688	-2.045	-1.083	0.525	0	-2.058	-1.184	0.525	2	-2.126	-1.237	1.151	1
689	1.457	1.055	0.071	3	0.344	0.59	0.237	0	1.455	0.587	-0.175	3
690	0.116	0.21	-0.35	2	.	.	.	.	.	.	.	.
691	0.385	-0.236	-0.885	3	0.33	-0.572	-1.32	4	1.17	-0.694	-0.986	2
692	-0.274	-0.722	0.323	0	-0.285	-0.506	0.238	1	-0.129	-0.486	1.166	4
693	0.948	0.853	-1.054	0	-0.232	0.477	-0.608	2	0.005	0.426	-0.885	2
694	-0.613	0.393	-0.35	1	-1.144	0.147	-0.53	5	-1.119	0.037	-0.088	1
695	0.17	1.14	-0.253	1	-0.061	0.712	-0.307	2	.	.	.	.
696	1.366	-1.533	0.652	3	.	.	.	.	.	.	.	.
697	0.032	-0.679	-0.11	1	0.094	-0.662	-0.736	4	-0.139	-0.658	-0.015	4
698	.	0.493	0.057	3	.	.	.	.	.	0.019	.	5
699	0.385	1.201	-0.608	2	-0.019	0.931	0.403	3	.	.	.	.
700	-0.745	1.277	-0.885	3	-0.644	1.12	-0.689	5	-0.115	1.212	-0.253	2
701	.	1.172	-0.072	1	.	.	.	.	.	.	.	.
702	-0.613	0.35	0.061	0	-0.855	0.251	0.794	0	-0.835	0.311	0.653	0
703	0.74	0.069	1.166	1	0.379	-0.109	0.968	0	0.229	-0.165	0.872	0
704	-0.685	-0.897	0.071	2	.	.	.	.	.	.	.	.
705	-0.185	0.684	-0.175	1	-0.386	0.888	-0.015	0	-0.268	0.796	-0.015	2
706	0.285	0.996	-0.094	5	0.057	0.873	0.238	3	0.597	1.01	-0.175	4
707	1.654	0.89	-1.32	2	1.67	1.174	-0.803	4	1.481	1.108	-0.885	4
708	-0.442	-0.464	0.361	4	.	.	.	.	.	.	.	.
709	1.508	1.873	-0.803	0	.	.	.	.	1.312	1.796	0.59	3
710	-0.304	-1.508	0.907	0	.	.	.	.	0.189	-1.919	0.361	0
711	-0.575	-0.17	0.237	2	0.083	0.099	-0.689	1	-0.121	0.053	-0.608	0
712	-0.246	-0.357	-0.094	1	-0.105	-0.76	0.653	2	-0.091	-0.798	0.653	1
713	0.924	0.507	-0.566	0	0.607	0.629	-1.266	2	0.731	0.701	0.026	0
714	1.069	-0.437	-0.015	0	0.61	0.366	0.027	4	0.058	0.54	-1.422	2
715	0.602	0.984	-0.446	2	.	.	.	.	.	.	.	.
716	-1.319	0.211	1.041	2	.	.	.	.	-1.692	0.212	0.469	1
717	-1.561	-0.897	1.18	0	.	.	.	.	.	.	.	.
718	0.889	-0.17	-0.253	0	.	.	.	.	.	.	.	.
719	0.337	0.675	-0.689	2	-0.068	0.12	0.026	3	-0.063	0.194	0.026	1
720	-0.119	-0.176	0.238	1	.	.	.	.	.	.	.	.
721	-0.965	-2.043	0.488	2	-0.281	-1.949	0.907	0	-0.541	-2.031	0.984	1
722	-0.209	-0.125	-0.172	2	.	.	.	.	.	.	.	.
723	-0.07	-0.908	0.278	0	0.189	-0.179	0.444	0	.	.	.	.
724	-0.933	-1.196	1.357	5	.	.	.	.	.	.	.	.
725	-0.838	-0.98	1.166	3	-0.75	-0.844	0.794	4	-1.08	-0.89	1.041	4
726	-0.183	-1.177	0.653	0	-0.172	-1.381	0.653	1	-0.352	-1.371	0.653	2
727	-1.561	-2.14	0.491	0	.	.	.	.	.	.	.	.
728	-1.01	0.085	0.237	0	-1.578	-0.086	0.403	0	-0.989	-0.164	0.242	1
729	-0.132	-0.964	-0.535	0	-0.535	-0.873	0.373	0	0.377	-0.999	-0.088	0
730	-1.496	-0.188	0.323	2	-1.533	-0.159	0.403	2	-0.599	-0.141	0.057	3
731	0.068	0.067	0.215	2	-0.377	-0.449	1.166	3	-0.34	-0.302	0.442	3
732	-0.394	0.019	0.491	1	-0.684	0.015	0.484	0	-0.457	0.036	0.484	0
733	-0.541	0.106	-1.154	0	-0.571	0.283	-0.094	1	-0.727	0.311	-0.135	2
734	0.367	0.897	0.074	2	0.401	0.664	-0.446	0	-0.118	0.65	0.403	0
735	-0.698	0.35	-0.204	1	.	.	.	.	-0.511	-0.087	-0.015	1
736	0.009	-0.451	-0.094	3	0.205	-0.479	-0.53	3	.	.	.	.
737	-0.113	0.522	0.074	2	-1.411	0.088	0.539	2	-0.795	0.05	0.794	3
738	-0.941	1.242	-0.345	0	-0.433	0.994	0.238	2	-0.508	0.871	0.373	2
739	-0.04	-1.394	0.652	3	-0.047	-1.446	0.539	5	-0.037	-1.404	1.151	2
740	-2.008	-1.51	0.491	2	-1.917	-1.431	-0.072	2	-2.077	-1.489	0.653	1
741	-1.846	-0.536	-0.175	0	-1.867	-1.252	0.856	0	-1.586	-1.234	0.469	0
742	-0.592	-0.542	-0.328	0	-0.105	0.157	-0.328	0	-0.304	0.069	0.373	0
743	-0.502	-1.192	-0.335	5	.	.	.	.	0.14	-1.429	-0.175	6
744	-0.442	-0.892	0.491	2	.	.	.	.	.	.	.	.
745	.	-0.027	-0.204	2	.	.	.	.	.	.	.	.
746	-1.37	-1.037	0.652	2	-0.085	-1.396	0.856	1	-0.797	-1.401	0.237	2
747	-0.247	-1.021	-0.017	0	.	.	.	.	.	.	.	.
748	-0.362	-0.892	-0.253	3	.	.	.	.	.	.	.	.
749	-0.422	0.665	-0.175	2	-0.351	0.569	0.653	2	-0.442	0.589	0.238	1
750	-0.656	-0.433	0.469	1	.	.	.	.	.	.	.	.
751	-0.393	-0.312	0.155	0	-0.201	0.025	0.491	1	-0.403	0.123	0.491	1
752	-0.056	-0.549	-0.015	0	-0.047	0.034	-0.175	2	0.226	-0.014	-0.175	2
753	1.633	1.074	-0.986	0	1.65	1.141	-0.535	0	.	.	.	.
754	-1.235	-1.924	0.361	3	-0.979	-1.61	1.151	4	-1.45	-1.58	0.855	3
755	0.088	0.525	0.652	0	.	.	.	.	.	.	.	.
756	-1.033	-1.167	0.237	2	.	.	.	.	.	.	.	.
757	-0.119	-0.694	-0.403	2	.	.	.	.	.	.	.	.
758	-1.263	1.071	0.653	1	-1.689	1.153	0.872	0	.	.	.	.
759	0.326	-0.077	-0.094	0	0.442	0.268	-0.094	2	0.117	0.285	0.581	3
760	-0.617	0.382	0.215	3	.	.	.	.	-0.187	0.758	-0.175	0
761	-0.101	0.439	0.403	1	-0.364	-0.123	0.444	2	.	.	.	.
762	-1.846	-1.726	0.968	0	-1.287	-2.071	0.856	0	-1.86	-1.909	0.856	0
763	0.012	-0.113	0.151	3	-0.432	-0.469	0.794	2	-0.599	-0.338	0.276	2
764	-0.129	0.428	0.907	4	-0.119	0.334	0.403	5	.	.	.	.
765	-0.122	0.675	-0.35	0	-1.039	0.487	0.872	0	-0.998	0.646	0.061	0
766	-0.015	-1.047	-0.055	2	0.246	-1.132	0.539	2	0.49	-1.038	-0.015	2
767	1.711	0.634	-0.505	0	.	.	.	.	1.787	0.8	-0.134	0
768	-0.216	-0.063	0.237	0	-0.415	-0.501	0.856	0	-0.408	-0.52	0.403	0
769	-0.224	1.261	-0.535	3	0.753	1.299	-0.729	2	.	.	.	.
770	0.677	0.398	-0.384	2	.	.	.	.	.	.	.	.
771	-0.656	0.152	0.071	2	.	.	.	.	.	.	.	.
772	-0.119	0.918	-0.645	2	.	.	.	.	.	.	.	.
773	-1.307	-0.014	0.907	0	-0.042	0.712	0.155	1	.	.	.	.
774	0.555	0.599	0.074	2	0.582	0.685	-0.175	1	0.768	0.655	-0.754	1
775	-0.201	0.868	0.491	4	-0.459	0.874	-0.524	6	-0.644	1.077	-0.345	3
776	-0.362	-0.266	-0.446	1	.	.	.	.	.	.	.	.
777	0.24	-0.697	0.968	0	-0.063	-0.983	-0.608	0	0.009	-1.12	0.403	0
778	-0.098	0.006	-0.35	1	0.405	0.226	1.166	0	0.124	0.073	0.653	1
779	1.019	1.357	-1.422	4	1.095	1.552	-0.754	1	.	.	.	.
780	0.262	0.125	-1.32	0	.	.	.	.	0.387	-0.282	0.109	2
781	-0.601	0.544	0.653	1	-1.501	0.148	1.151	0	-0.901	0.179	-0.328	2
782	0.602	0.001	-0.608	3	.	.	.	.	.	.	.	.
783	-1.066	-1.657	0.941	2	-1.811	-1.975	1.041	1	-1.78	-2.024	0.794	1
784	-0.247	0.62	-0.253	1	.	.	.	.	.	.	.	.
785	0.201	0.601	0.491	2	.	.	.	.	.	.	.	.
786	-0.761	-0.613	0.237	2	-0.552	-0.795	0.238	3	-0.564	-0.826	-0.134	2
787	0.201	-0.17	0.491	1	.	.	.	.	.	.	.	.
788	-0.362	1.247	-0.253	3	.	.	.	.	.	.	.	.
789	-0.119	0.441	0.074	0	.	.	.	.	.	.	.	.
790	-1.379	-1.006	-0.055	0	-0.994	-0.298	-0.986	2	.	.	.	.
791	-0.898	0.51	0.027	2	-1.199	0.554	0.444	2	-1.188	0.55	0.403	4
792	-0.278	0.062	-0.35	2	0.657	0.365	0.403	2	-0.195	0.207	0.074	2
793	0.101	0.743	-1.32	2	0.201	0.61	-0.446	2	0.03	0.457	-0.53	2
794	-1.033	-1.021	0.403	2	.	.	.	.	.	.	.	.
795	-0.462	0.054	0.026	2	.	.	.	.	-0.653	0.23	0.403	2
796	-0.119	0.42	-0.175	2	.	.	.	.	.	.	.	.
797	-1.561	0.664	0.704	2	.	.	.	.	.	.	.	.
798	-0.597	-1.019	0.074	2	0.603	-0.899	-0.689	2	-0.283	-1.024	0.109	1
799	-0.184	0.425	-0.432	0	0.093	0.328	-0.689	2	.	.	.	.
800	-0.035	0.664	0.074	2	.	.	.	.	.	.	.	.
801	-0.656	-0.085	0.238	1	.	.	.	.	.	.	.	.
802	0.71	0.605	-1.154	4	0.554	0.522	-0.253	3	.	.	.	.
803	-0.583	-0.402	0.343	0	-0.995	-0.18	0.794	0	-0.669	-0.155	0.491	0
804	0.331	0.059	-1.422	2	.	.	.	.	.	.	.	.
805	-0.362	-0.062	0.237	2	.	.	.	.	.	.	.	.
806	.	-1.375	-0.072	1	.	.	.	.	.	.	.	.
807	-0.511	-0.946	-0.055	2	-0.588	-0.76	0.345	2	-0.916	-0.802	0.215	3
808	1.031	0.544	-0.175	2	1.057	-0.106	-0.416	2	0.978	0.196	-0.53	2
809	0.022	0.673	-0.803	5	-0.438	-0.422	0.652	3	-0.547	-0.27	0.484	1
810	-0.119	-0.526	0.237	0	.	.	.	.	.	.	.	.
811	-0.782	-1.565	1.357	1	-0.875	-0.941	-0.535	4	-1.099	-1.062	0.323	4
812	0.959	-0.898	0.469	1	0.257	-1.589	0.237	1	1.031	-1.474	0.237	3
813	0.272	-0.206	0.074	0	-0.346	-0.154	0.373	0	-0.268	0.023	0.238	0
814	0.568	0.403	-1.32	0	0.594	0.829	-0.736	0	0.829	0.714	-0.736	1
815	0.433	1.141	0.071	4	0.628	0.717	-0.432	6	0.433	0.895	-0.432	4
816	1.11	0.066	1.166	1	1.66	0.552	-0.446	0	1.701	0.543	0.403	1
817	1.862	0.985	-0.307	1	1.87	1.202	-1.32	0	1.982	1.149	-0.088	1
818	-0.513	0.465	0.809	1	-0.108	-0.342	0.442	2	0.129	-0.266	-0.608	2
819	1.705	1.061	-0.535	2	1.323	0.94	-0.535	1	1.781	0.938	-0.088	2
820	-0.497	0.97	-0.554	1	0.331	0.439	-0.094	5	.	.	.	.
821	-1.561	-1.853	-0.055	2	.	.	.	.	.	.	.	.
822	0.116	0.06	-0.088	0	.	.	.	.	.	.	.	.
823	-1.224	0.159	0.116	2	-0.675	0.039	-1.32	2	-1.541	0.036	0.071	3
824	0.1	0.011	-0.055	2	-0.133	-0.069	0.109	1	-0.284	-0.139	-0.608	4
825	-0.619	-0.612	-0.072	2	-0.444	-0.966	-0.036	2	-0.271	-1.029	0.403	1
826	1.565	0.833	-0.986	1	0.776	1.163	0.361	5	1.597	1.276	-1.422	3
827	0.301	0.389	-0.432	2	0.288	-0.123	-1.266	2	0.084	-0.084	-0.015	4
828	-0.119	0.193	-0.35	5	.	.	.	.	.	.	.	.
829	-0.678	-0.828	-0.088	0	0.722	-1.049	0.116	4	0.284	-0.876	0.361	6
830	0.091	0.234	-1.054	2	0.743	0.21	0.469	2	0.019	0.167	-0.175	5
831	-0.103	0.151	-0.055	0	-0.03	-0.355	1.151	4	-0.183	-0.089	0.758	3
832	1.013	-0.011	1.482	0	-0.153	1.082	1.166	0	1.216	1.017	0.238	2
833	1.378	0.522	-0.088	4	1.403	1.292	-0.535	2	0.744	1.275	-0.535	4
834	1.862	0.646	-0.175	2	1.87	-0.116	-0.175	4	1.982	-0.101	-0.608	6
835	1.25	-1.116	0.027	0	0.759	-1.321	-0.35	0	0.606	-1.239	-0.307	1
836	-1.4	-0.774	0.215	0	-1.583	-0.814	-0.665	2	-0.818	-0.842	1.357	1
837	0.788	1.553	-0.505	2	0.607	1.187	-0.446	2	1.066	1.13	-0.35	2
838	0.321	0.775	-0.729	2	0.819	0.529	0.469	5	0.251	0.681	-0.986	4
839	-0.325	-0.531	-0.35	1	0.167	0.208	-1.32	2	0.733	-0.003	-0.524	1
840	0.53	1.14	-1.054	1	0.558	0.939	-0.608	2	0.649	0.821	0.237	2
841	0.482	0.66	-0.345	2	0.512	0.07	-0.172	0	.	.	.	.
842	0.852	-0.421	-1.32	1	1.398	-0.747	0.071	3	.	.	.	.
843	0.688	0.25	-0.204	2	0.701	-0.297	-1.32	1	0.623	-0.294	0.361	2
844	1.862	-0.673	-1.32	1	1.87	-1.955	-0.35	3	1.982	-1.754	0.071	3
845	-0.051	-0.291	-0.729	0	1.108	-0.628	0.809	3	0.377	-0.359	-0.304	0
846	1.366	-1.705	0.941	0	.	.	.	.	.	.	.	.
847	1.258	-0.334	-0.094	2	0.461	-0.737	0.155	4	.	.	.	.
848	-0.212	-0.569	0.403	1	0.731	-0.218	0.074	1	0.106	-0.098	-0.608	2
849	0.334	0.528	-0.446	2	.	.	.	.	0.687	0.545	0.469	1
850	0.919	-0.15	-1.054	4	1.249	0.585	-1.054	2	0.428	0.321	0.109	6
851	1.303	1.041	-0.986	3	0.612	1.393	-0.274	4	.	.	.	.
852	0.683	0.149	-0.803	0	1.056	0.346	-0.803	3	1.134	0.484	-0.885	2
853	-0.688	0.578	-0.328	2	0.022	0.378	0.238	2	-0.65	0.513	-0.403	1
854	0.18	0.49	-0.175	3	-0.004	0.646	0.155	2	.	.	.	.
855	-0.762	-0.692	0.237	3	-0.573	-0.855	0.551	3	-0.768	-0.724	-0.345	5
856	1.141	1.138	-0.795	3	0.2	1.231	-0.811	2	0.477	1.18	-1.422	3
857	0.462	-0.033	-0.35	1	0.935	0.378	-0.175	1	0.702	0.296	-0.35	2
858	-1.29	0.193	0.984	0	.	.	.	.	.	.	.	.
859	0.116	0.748	1.357	2	.	.	.	.	.	.	.	.
860	-0.414	0.552	0.278	2	-0.434	0.686	-0.53	1	-0.411	0.65	0.026	0
861	0.473	-0.174	0.491	1	-0.032	-0.081	0.074	2	0.059	-0.152	-0.015	4
862	-1.634	0.159	0.758	0	-1.653	0.234	1.047	2	-1.902	0.185	0.389	3
863	-0.227	-0.106	-0.135	0	0.16	0.218	-0.403	2	-0.04	0.166	-0.217	1
864	0.974	1.007	-0.736	2	-0.105	0.848	-0.282	3	0.039	0.616	0.237	4
865	-1.063	-1.337	0.941	4	-1.632	-1.145	0.968	4	.	.	.	.
866	-0.075	1.06	-0.505	2	-0.635	0.972	0.539	2	-0.154	1.024	0.373	2
867	-0.609	-0.404	0.551	0	-1.228	-0.839	0.653	0	0.113	-0.746	0.809	0
868	0.614	1.019	-0.865	4	-0.301	0.998	-0.175	3	-0.196	0.986	-0.172	4
869	0.779	-0.445	-0.803	0	0.039	-0.187	-1.054	1	.	.	.	.
870	-1.846	-1.93	1.166	2	-1.867	-0.87	1.357	0	.	.	.	.
871	0.017	-0.567	0.491	0	-0.807	-0.68	0.525	1	0.016	-0.665	0.212	4
872	-1.525	-0.729	0.323	0	-0.92	-0.73	0.458	2	-0.97	-0.877	0.539	2
873	0.226	0.516	-0.446	1	0.043	0.607	-0.53	3	0.294	0.55	0.19	1
874	0.278	-0.885	0.237	0	-0.595	-1.059	1.041	1	.	.	.	.
875	0.602	0.204	-0.535	2	0.352	0.308	-0.072	3	0.411	0.303	-0.094	0
876	-0.467	-1.155	1.482	0	0.669	-1.188	1.482	1	-1.022	-1.238	0.652	0
877	-1.561	-1.452	0.026	0	.	.	.	.	.	.	.	.
878	-0.305	0.143	-0.11	1	-0.732	-0.059	0.653	2	-0.712	-0.022	0.238	0
879	0.56	0.417	-0.017	2	-0.129	0.455	-0.366	4	.	.	.	.
880	0.281	-0.014	0.424	0	.	.	.	.	0.67	-0.338	-0.134	2
881	-1.681	-1.602	0.928	0	-1.818	-1.626	1.133	0	-1.493	-1.693	1.482	3
882	0.227	-0.932	0.809	0	-0.648	-0.939	-0.015	4	-0.36	-0.888	0.109	4
883	-0.051	-0.291	0.071	2	0.288	0.214	-0.803	2	.	.	.	.
884	-1.885	-1.551	0.345	2	-1.422	-1.543	0.968	0	-1.912	-1.571	0.586	1
885	0.385	-0.369	0.491	2	.	.	.	.	-1.075	-1.025	0.794	2
886	-0.841	-1.856	1.041	4	-0.756	-2.29	1.166	4	-1.091	-2.286	0.586	3
887	-0.7	-0.298	-0.017	2	0.158	0.165	-0.088	2	-0.885	-0.113	-0.535	3
888	0.731	0.895	0.491	0	0.049	0.623	0.238	0	0.342	0.653	0.238	4
889	-0.665	-1.226	0.856	1	-0.466	-1.3	0.491	2	-0.463	-1.239	0.071	2
890	-0.129	-0.572	0.539	2	-0.119	-0.752	0.403	2	.	.	.	.
891	-0.685	-0.616	-0.645	2	-0.996	-0.261	0.403	2	-0.315	-0.014	0.403	1
892	-0.178	0.611	-0.175	0	-0.379	0.616	0.323	3	.	.	.	.
893	0.434	0.001	0.469	2	.	.	.	.	.	.	.	.
894	0.107	1.378	-0.446	2	-0.544	1.297	0.109	2	-0.068	1.308	0.403	3
895	-0.04	-0.323	0.343	6	-0.047	-0.055	0.074	6	.	.	.	.
896	-0.014	-1.15	-0.088	2	.	.	.	.	.	.	.	.
897	0.201	-0.645	0.856	1	.	.	.	.	.	.	.	.
898	0.42	-0.15	0.071	5	0.898	-0.757	0.653	2	.	.	.	.
899	0.374	-0.773	-0.35	6	0.285	0.181	0.074	0	0.363	0.101	-0.094	0
900	0.891	0.985	-0.345	0	0.705	1.281	-0.175	2	0.544	1.374	-0.566	2
901	0.128	0.059	-0.088	1	-0.318	0.174	0.238	0	-0.058	0.258	0.074	1
902	-1.431	-0.924	1.357	1	-1.898	-1.394	1.482	2	-1.903	-1.261	1.093	2
903	-0.507	-1.545	0.68	1	-0.76	-1.568	1.357	2	-0.538	-1.546	0.061	5
904	-1.14	-1.538	0.403	0	-1.171	-1.643	0.237	2	-0.943	-1.413	0.403	2
905	-1.135	-0.803	0.809	0	-1.828	-0.808	-0.35	0	-1.804	-0.908	1.302	0
906	0.64	0.583	0.071	1	-0.131	-0.166	0.469	1	-0.161	0.068	0.071	2
907	0.339	0.986	-0.015	3	1.467	1.008	-1.32	4	1.438	1.05	-1.32	6
908	0.331	1.073	-0.345	3	.	.	.	.	.	.	.	.
909	-0.398	-0.029	0.237	2	-0.677	-0.308	0.373	4	-0.223	-0.198	-0.015	3
910	-0.122	-0.055	0.237	2	-0.719	-0.421	1.482	4	-0.148	-0.16	-0.345	6
911	-0.497	-0.729	0.652	0	-0.007	-0.957	1.482	0	0.066	-1.081	0.491	0
912	-0.229	-1.123	-0.803	1	-0.647	-1.022	0.968	3	.	.	.	.
913	0.017	0.061	-0.35	1	-0.14	0.029	0.373	0	-0.28	-0.024	0.653	2
914	-1.563	0.605	1.041	3	-0.049	0.099	1.151	2	-1.477	0.156	0.609	2
915	-0.769	0.346	-0.328	2	-1.061	0.255	0.109	1	-0.586	0.352	-0.328	2
916	-1.308	-1.24	0.084	3	-1.171	-0.416	-0.416	4	-1.687	-0.537	0.488	4
917	1.366	-0.176	-0.015	2	.	.	.	.	.	.	.	.
918	1.275	-0.565	-0.885	5	-0.445	-0.669	1.482	3	1.212	-0.581	-0.274	3
919	-0.574	-0.26	0.074	0	-1.033	-0.611	0.653	1	-0.545	-0.491	0.074	3
920	-0.37	-2.151	0.968	1	-0.042	-1.942	1.357	1	-0.104	-1.875	-0.088	2
921	-0.162	-0.614	0.237	2	-0.163	-0.534	0.109	2	-0.583	-0.644	1.041	2
922	0.052	-0.33	-0.175	6	0.433	0.28	-0.865	2	.	.	.	.
923	-0.536	0.159	-0.865	1	-0.059	0.48	-0.172	2	0.133	0.336	0.323	5
924	-1.533	0.755	-1.32	2	-0.926	1.037	-1.32	4	-0.991	0.978	-0.31	4
925	0.266	-0.247	0.074	2	0.472	-0.125	0.074	1	.	.	.	.
926	1.294	-0.066	0.278	2	0.638	0.107	0.403	3	0.806	0.114	0.323	2
927	0.714	0.416	-0.608	1	0.752	0.454	-0.403	4	-0.232	0.437	-0.135	1
928	0.76	0.561	-0.986	2	1.414	-0.119	-1.422	0	1.541	0.078	0.238	1
929	-0.674	0.712	0.155	2	-0.472	-0.357	0.794	2	.	.	.	.
930	-0.119	-2.351	0.809	3	.	.	.	.	.	.	.	.
931	-0.149	0.24	-0.35	3	0.368	-0.343	-0.446	2	-0.421	-0.321	-0.015	3
932	-0.653	0.221	-1.32	0	-0.166	-0.606	1.482	1	-0.356	-0.619	-0.335	0
933	-0.603	-0.056	-0.446	3	-0.413	-0.344	0.029	2	-0.215	-0.416	0.491	3
934	0.401	-0.451	-0.175	4	-0.505	-0.204	0.109	4	.	.	.	.
935	-0.207	-0.207	0.238	2	-0.407	-0.177	0.539	0	-0.368	-0.22	-0.036	4
936	-0.056	1.358	-0.088	3	-0.047	1.715	-0.172	2	0.226	1.74	-0.172	2
937	-0.479	-0.461	-0.094	3	0.42	-0.636	0.238	4	-0.042	-0.583	-0.015	6
938	-0.267	0.582	-0.446	3	-0.487	-0.504	1.041	2	0.36	-0.502	0.151	4
939	0.924	-0.715	0.491	1	0.607	0.158	-0.175	2	0.731	0.088	-0.175	2
940	-0.129	-0.947	0.403	3	-0.119	-1.042	0.794	2	-0.106	-1.032	0.609	3
941	0.158	-0.362	-0.015	1	-0.597	-0.717	-0.274	2	-0.068	-0.771	0.539	3
942	0.116	-1.375	-0.175	1	.	.	.	.	.	.	.	.
943	-0.332	-0.891	0.057	1	-1.375	-1.406	0.458	1	-0.559	-1.356	0.027	0
944	0.331	-0.062	-0.015	4	.	.	.	.	.	.	.	.
945	-1.033	0.335	-0.307	5	.	.	.	.	.	.	.	.
946	-0.43	0.879	0.061	0	-0.734	0.429	-0.689	3	-0.493	0.34	0.225	1
947	-0.672	-0.508	0.238	1	-1.598	-1.18	0.872	0	-1.219	-1.066	0.373	1
948	-0.247	0.823	0.215	1	.	.	.	.	.	.	.	.
949	0.602	0.205	-0.35	0	.	.	.	.	.	.	.	.
950	0.1	-0.793	-0.088	2	-0.345	-1.001	-0.175	2	-0.188	-0.985	0.809	2
951	-1.786	-1.038	1.357	0	-1.672	-0.418	0.539	0	.	.	.	.
952	-1.471	-0.351	0.403	2	-0.621	-0.165	-0.094	2	.	.	.	.
953	1.366	0.234	-0.253	2	0.8	-0.204	-0.072	0	.	.	.	.
954	-1.417	-1.162	1.166	3	.	.	.	.	-0.69	-1.295	1.166	3
955	1.221	0.142	-1.32	4	0.486	-0.028	-0.133	2	0.626	0.127	-0.136	4
956	1.366	0.953	-0.566	3	.	.	.	.	.	.	.	.
957	-0.685	-0.958	0.403	1	.	.	.	.	.	.	.	.
958	-0.476	0.37	0.074	0	-0.765	-0.17	0.136	0	-0.566	-0.245	0.276	0
959	0.122	-0.145	0.238	1	-0.322	-0.742	0.968	2	-0.079	-0.563	0.653	0
960	0.798	0.245	-0.345	2	0.071	-0.52	0.109	0	0.427	-0.532	-0.328	0
961	-0.129	0.301	-0.094	0	-0.119	0.414	0.026	3	.	.	.	.
962	-0.119	-0.877	-0.015	3	.	.	.	.	.	.	.	.
963	-0.583	0.383	0.061	0	-0.995	0.601	-0.134	0	-0.669	0.689	-0.599	0
964	0.545	-0.998	-1.32	3	0.726	-1.042	0.151	1	0.797	-0.904	-0.53	1
965	-0.119	-0.433	-0.53	0	.	.	.	.	.	.	.	.
966	-0.396	-0.52	0.278	3	.	.	.	.	-0.382	-0.362	-0.094	3
967	0.088	-0.464	0.074	1	.	.	.	.	.	.	.	.
968	-0.38	-0.902	0.027	1	-0.306	-0.71	-0.53	1	-0.294	-0.717	-0.094	2
969	-0.605	-0.172	0.215	2	-0.159	0.227	-0.06	2	-0.332	0.262	-0.133	2
970	0.343	0.173	-0.608	3	0.665	0.496	-0.446	0	0.633	0.304	-0.133	0
971	0.012	-0.591	-0.175	2	-0.432	-0.738	0.403	2	-0.599	-0.786	0.403	0
972	-0.119	0.42	-0.175	1	.	.	.	.	.	.	.	.
973	-0.798	0.841	-0.53	2	-0.821	0.019	0.237	2	-0.874	0.132	0.403	3
974	-0.142	0.647	-0.094	0	-0.086	0.732	0.238	0	-0.188	0.718	0.373	0
975	-1.398	-1.237	0.856	2	-0.365	-1.035	0.539	0	-0.767	-1.065	0.631	0
976	-1.281	-1.133	0.652	1	-1.018	-0.762	1.041	1	-1.638	-0.845	1.357	1
977	0.346	-2.16	-0.35	2	0.551	-2.138	0.968	4	0.141	-2.07	-0.287	4
978	-0.079	0.078	0.653	2	-0.345	-0.21	0.491	2	-0.103	-0.184	-0.015	2
979	-0.056	-0.38	-1.32	1	-0.047	-0.282	-0.328	2	0.226	-0.198	-0.847	1
980	-0.275	0.283	-0.446	2	.	.	.	.	-0.244	0.296	0.237	0
981	-0.518	-0.312	-0.175	0	-0.592	-0.09	0.238	0	-0.92	-0.09	0.238	3
982	.	-0.981	0.155	0	.	-0.907	0.539	0	.	.	.	.
983	0.201	0.351	-0.402	0	.	.	.	.	.	.	.	.
984	-1.561	0.398	0.074	0	.	.	.	.	.	.	.	.
985	0.046	0.388	-0.256	0	0.827	0.274	-0.172	2	0.417	0.183	0.238	4
986	.	-0.892	0.061	2	.	.	.	.	.	.	.	.
987	0.201	0.208	-0.35	1	.	.	.	.	.	.	.	.
988	0.088	-1.689	-1.154	1	.	.	.	.	.	.	.	.
989	-1.033	0.091	0.061	1	-0.605	0.503	-0.015	1	.	.	.	.
990	-0.182	-1.079	0.155	0	-0.01	-1.301	0.856	1	-0.084	-1.268	.	3
991	0.458	0.289	-0.432	0	-0.258	0.28	-0.217	3	.	.	.	.
992	0.012	0.508	0.484	1	-0.432	-0.258	-0.328	0	-0.599	-0.2	0.109	2
993	0.365	0.784	0.026	2	-0.539	1.177	-0.416	2	-0.167	1.113	-1.202	2
994	.	-0.892	0.155	0	.	.	.	.	.	.	.	.
995	0.217	0.216	-0.335	2	.	.	.	.	.	.	.	.
996	-0.925	0.256	0.856	1	-1.134	-0.682	1.133	2	-0.877	-0.665	0.313	2
997	0.144	-1.266	0.968	1	0.061	-1.126	0.109	2	0.815	-1.124	1.357	2
998	0.295	1.287	-1.054	0	0.361	1.706	-1.002	3	0.569	1.611	0.581	1
999	0.782	-0.742	-0.803	1	.	.	.	.	-0.622	-0.498	0.212	0
1000	0.743	1.613	-0.175	3	.	.	.	.	0.117	1.844	-0.446	3
1001	-1.542	-0.417	0.484	4	-1.007	-0.207	0.278	2	-0.988	-0.227	0.539	4
1002	1.132	0.779	-0.986	3	-0.2	1.442	-0.986	3	0.628	1.363	0.237	3
1003	-0.209	-0.915	0.458	2	.	.	.	.	0.519	-1.467	0.323	2
1004	0.76	0.295	-0.608	2	0.283	0.375	-0.566	3	0.172	0.374	-0.328	3
1005	-0.732	-0.793	0.809	2	-0.522	-1.464	0.361	2	-0.727	-1.414	0.809	2
1006	-0.685	0.048	-0.803	2	.	.	.	.	.	.	.	.
1007	-0.957	0.13	0.109	0	-1.654	-0.094	1.357	3	-1.289	-0.04	1.041	2
1008	-0.067	-0.683	-0.135	3	0.689	-0.177	0.074	2	-0.151	-0.197	-0.803	2
1009	-1.677	0.257	0.491	1	-0.565	0.201	0.215	1	-1.631	0.178	-0.136	2
1010	-0.193	-0.819	0.238	0	-0.297	-0.121	0.653	2	-0.346	-0.048	0.238	0
1011	-1.525	-0.408	1.093	2	-0.92	0.976	1.133	0	-0.97	0.921	0.525	0
1012	-0.278	-1.024	0.539	4	0.657	-1.029	-0.35	3	-0.195	-0.96	1.166	4
1013	0.549	0.062	-0.432	0	1.345	0.71	-0.621	0	0.931	0.481	-0.172	0
1014	-1.798	-2.436	0.907	0	-1.092	-2.588	1.041	0	-1.795	-2.687	1.166	0
1015	0.561	0.616	-0.088	0	0.223	0.608	0.238	1	0.311	0.649	-0.35	1
1016	-0.745	-0.712	0.809	0	-1.739	-0.607	1.482	0	-1.678	-0.707	0.809	0
1017	-0.113	0.013	-0.345	0	.	.	.	.	-0.057	0.129	0.109	1
1018	0.154	-0.26	-0.432	1	-0.754	0.402	0.941	2	-0.885	0.335	0.027	2
1019	-0.814	0.965	-0.535	2	-1.089	1.177	0.238	0	.	.	.	.
1020	-0.145	-0.785	-0.538	3	-0.204	-0.954	-0.885	2	-0.148	-0.923	0.13	2
1021	-0.261	0.366	0.237	2	-0.66	0.319	0.373	2	-1.291	0.32	-0.015	1
1022	-0.296	1.452	-0.094	1	-0.282	1.233	-0.226	1	-0.861	1.288	0.856	3
1023	-1.175	0.979	-0.304	0	-0.191	0.342	-0.304	0	-1.412	0.287	-1.32	0
1024	-1.126	0.293	0.809	0	-0.051	-0.378	-0.986	1	-1.366	-0.52	0.469	2
1025	-0.644	-0.827	0.68	1	-1.382	-1.135	0.928	1	-1.171	-1.118	1.047	1
1026	-1.306	-0.932	1.041	0	-1.166	-0.836	0.856	0	-1.682	-0.753	1.482	0
1027	0.472	0.742	-1.422	1	0.662	0.74	-0.524	0	0.559	0.94	-0.729	2
1028	-2.045	-1.616	0.551	0	-2.058	-2.177	1.041	0	-2.126	-2.228	0.968	2
1029	1.379	1.636	0.343	2	0.864	1.461	0.968	1	.	.	.	.
1030	-1.431	0.325	0.491	3	-0.853	-0.337	0.317	4	-0.673	-0.041	0.403	3
1031	0.136	0.404	0.109	1	0.521	0.729	-0.172	0	0.907	0.613	-0.088	2
1032	-0.234	-0.121	-0.287	4	0.034	0.48	-0.736	5	-0.296	0.337	-0.094	6
1033	-0.208	1.085	0.809	2	0.97	1.51	-0.088	2	1.172	1.421	0.469	3
1034	-0.283	1.172	0.794	2	.	.	.	.	.	.	.	.
1035	-1.561	-1.689	0.652	1	.	.	.	.	.	.	.	.
1036	-0.656	1.224	0.361	5	.	.	.	.	.	.	.	.
1037	0.434	-0.405	-0.175	0	.	.	.	.	.	.	.	.
1038	0.055	-0.344	0.373	2	-0.08	-0.45	0.373	4	0.008	-0.563	0.109	0
1039	0.217	-0.526	0.403	3	.	.	.	.	.	.	.	.
1040	-0.328	-1.065	0.403	3	-0.555	-0.87	0.403	3	0.084	-0.894	0.403	3
1041	-0.783	0.179	-1.266	0	0.849	-0.504	-1.32	0	-0.223	-0.53	0.389	0
1042	0.889	0.246	-0.986	0	.	.	.	.	.	.	.	.
1043	-0.484	-0.831	-0.017	0	-0.052	0.056	-0.088	2	0.144	-0.019	-0.017	2
1044	0.797	1.069	-0.088	2	0.116	1.274	0.238	2	.	.	.	.
1045	1.303	0.863	-0.986	0	0.612	0.843	-0.53	0	.	.	.	.
1046	-0.137	-1.158	-0.094	0	-0.203	-0.776	-0.017	1	-0.534	-0.687	-0.015	1
1047	0.269	-0.987	-0.35	0	-1.132	-0.365	-0.986	0	0.061	-0.281	-1.32	1
1048	-1.846	-0.891	-1.422	0	-1.867	-0.1	-0.986	4	.	.	.	.
1049	0.602	-0.763	-0.689	1	.	.	.	.	.	.	.	.
1050	0.005	-0.899	-1.054	3	1.121	-0.903	0.109	3	0.397	-1.138	0.469	2
1051	-0.742	-0.304	0.444	3	-1.161	0.385	0.856	1	-0.484	0.52	-0.885	5
1052	-0.041	0.955	-0.345	2	-0.488	-0.324	0.809	4	-0.874	-0.19	0.794	1
1053	-0.674	-0.743	-0.175	3	-0.472	-0.858	-0.015	4	.	.	.	.
1054	-0.563	-0.328	-0.689	2	0.175	-0.373	0.469	2	-0.102	-0.261	0.071	3
1055	0.36	-0.645	0.278	4	0.205	-0.628	1.357	3	0.346	-0.712	0.856	4
1056	1.555	1.168	-1.422	3	1.574	1.348	-1.277	1	1.222	1.34	-0.608	2
1057	0.158	0.263	0.403	0	-0.074	0.26	0.403	1	-0.009	0.306	0.794	0
1058	1.366	-0.892	0.491	4	.	.	.	.	.	.	.	.
1059	1.654	1.115	-0.446	3	1.67	1.386	-1.422	4	1.481	1.294	-1.054	3
1060	-0.132	0.47	-0.015	4	-0.252	0.186	0.403	4	-0.061	0.284	0.109	4
1061	0.657	0.238	-0.432	1	0.123	0.583	-0.804	1	0.752	0.584	0.084	1
1062	-1.189	-1.639	0.809	0	0.042	-1.028	1.166	0	-0.218	-0.969	-0.015	1
1063	-0.286	-1.293	0.469	2	.	.	.	.	.	.	.	.
1064	-0.932	0.715	0.794	2	0.238	1.031	0.238	2	-0.615	0.892	0.373	4
1065	-0.461	0.111	1.041	0	-0.485	-0.596	-0.017	0	-0.662	-0.382	-1.422	0
1066	0.364	-0.552	0.491	2	-0.076	0.056	0.491	2	1.066	-0.12	0.809	5
1067	-0.105	0.154	0.238	1	-0.049	0.379	0.238	0	-0.018	0.235	0.237	1
1068	-0.51	0.941	0.444	0	-0.763	0.362	0.238	3	-0.756	0.358	-0.11	2
1069	0.555	1.211	-0.803	0	0.237	1.096	-0.76	4	0.017	1.075	-0.328	2
1070	0.616	0.572	-0.608	1	0.423	0.189	-0.175	2	.	.	.	.
1071	0.143	0.146	0.237	1	0.575	0.402	0.278	2	0.92	0.457	-0.015	2
1072	1.705	0.635	0.237	0	1.323	0.562	-0.986	3	1.781	0.467	0.491	0
1073	-0.393	-0.644	0.856	0	-1.442	-0.869	1.166	0	.	.	.	.
1074	-0.635	-1.089	-0.133	3	1.244	-0.795	0.469	0	1.128	-0.704	1.151	3
1075	-0.003	0.93	0.238	3	-0.528	-0.005	-0.015	4	0.354	0.246	-0.172	4
1076	-0.685	0.155	0.631	2	-1.289	0.086	-0.803	5	-0.879	-0.024	-0.328	3
1077	1.124	1.709	-0.986	3	0.155	1.181	-0.416	5	0.443	1.431	-0.446	2
1078	-0.567	0.074	-0.53	1	-0.17	0.359	0.872	3	-0.164	0.461	-0.094	1
1079	-0.08	0.907	-0.172	2	0.133	1.045	-1.054	2	-0.25	0.965	-0.015	2
1080	0.009	0.613	0.238	1	0.453	0.099	-0.094	1	0.325	0.16	-0.847	2
1081	0.211	0.912	-0.253	2	-0.082	1.062	-0.403	3	0.269	1.166	0.653	3
1082	1.298	0.749	-0.986	0	1.541	1.098	-0.535	4	.	.	.	.
1083	-0.056	1.183	-1.32	0	-0.047	1.341	-0.015	3	0.226	1.383	-0.535	2
1084	-1.337	1.335	-1.422	1	-0.529	1.339	-0.416	1	-0.485	1.478	-0.678	1
1085	-0.087	0.483	0.074	2	-0.292	0.048	0.238	2	0.177	0.196	-0.175	1
1086	-0.571	1.329	-0.803	1	0.116	0.745	-0.432	2	-0.114	0.746	-0.253	3
1087	-1.634	-1.018	-0.204	2	-1.653	-1.159	0.856	2	-1.902	-1.118	1.166	3
1088	-0.16	-0.305	0.237	2	-0.038	0.402	-0.608	0	-1.116	0.025	1.151	0
1089	1.145	0.823	-0.175	2	0.554	0.465	0.074	3	0.342	0.427	0.653	2
1090	-1.808	-1.715	0.469	1	-1.832	-2.406	1.482	2	-1.507	-2.455	0.809	1
1091	-1.489	-0.348	0.856	1	-1.163	-0.543	0.968	3	-0.74	-0.545	0.403	1
1092	1.355	1.059	-0.53	3	-0.09	0.367	-0.373	4	1.32	0.208	0.026	1
1093	-0.891	0.495	-0.803	2	-0.446	0.418	-0.172	4	.	.	.	.
1094	-0.294	0.496	-0.175	2	0.151	0.072	-0.608	6	-0.055	-0.027	-0.535	4
1095	0.566	1.046	0.237	4	1.234	0.761	-1.32	6	0.542	0.764	0.539	4
1096	0.224	-1.69	0.442	1	1.002	-2.184	0.469	0	-0.133	-2.056	0.809	2
1097	1.205	-0.102	-0.35	3	1.225	-0.487	-0.088	4	1.612	-0.523	-1.32	4
1098	0.902	0.635	0.491	2	0.589	0.478	-0.175	2	.	.	.	.
1099	1.184	-1.726	0.68	0	0.386	-1.898	1.482	0	0.542	-1.982	0.361	1
1100	0.782	0.713	0.469	5	.	.	.	.	-0.622	0.962	-0.373	2
1101	-1.561	-1.021	0.652	2	.	.	.	.	.	.	.	.
1102	-0.176	0.26	-0.172	2	-0.165	-0.414	-0.088	2	-0.32	-0.421	-0.088	3
1103	-1.141	0.237	-0.072	3	-1.171	0.907	-0.366	3	-0.988	0.789	-0.432	1
1104	0.434	0.006	-1.32	1	.	.	.	.	.	.	.	.
1105	0.517	-1.23	-0.307	0	0.253	-0.292	0.026	2	0.119	-0.385	-1.154	2
1106	1.407	0.502	0.071	2	0.937	0.435	-0.681	1	1.041	0.644	-1.422	2
1107	-0.331	0.37	-0.175	0	-0.139	0.465	-0.175	0	-0.114	0.592	-0.328	2
1108	0.394	0.026	0.238	4	0.237	-0.226	-0.015	5	0.093	-0.242	-0.446	2
1109	0.653	1.061	-0.803	0	1.441	1.116	-0.35	0	1.207	1.069	-0.608	2
1110	0.555	1.088	-0.175	3	0.582	0.879	-0.172	2	0.768	0.841	-0.088	1
1111	-0.148	-0.147	0.19	3	-0.036	0.7	0.373	2	-1.113	0.772	-0.795	4
1112	-0.143	-0.868	0.652	0	-1.229	-0.67	1.151	0	-0.104	-0.421	0.074	3
1113	0.631	0.159	-1.054	1	1.329	0.244	-0.535	2	.	.	.	.
1114	-0.098	0.114	0.652	1	0.395	0.252	-0.803	2	0.066	0.296	-0.373	1
1115	0.988	0.234	-0.307	2	0.804	0.138	0.361	2	0.914	0.277	-0.35	1
1116	0.602	1.159	-0.885	2	.	.	.	.	.	.	.	.
1117	-1.001	-0.611	-1.277	2	.	.	.	.	.	.	.	.
1118	1.301	0.757	0.469	3	1.711	0.883	0.525	2	1.769	0.854	-0.754	3
1119	0.033	1.051	-0.608	0	1.061	1.249	-0.803	2	0.173	1.195	-0.328	0
1120	1.466	-0.348	0.071	3	1.488	0.077	-1.422	2	0.988	0.021	0.071	5
1121	0.402	-0.121	-0.036	2	-0.091	-0.251	0.373	3	-0.209	-0.172	0.238	4
1122	-2.045	-1.89	0.469	2	-2.058	-1.965	0.856	2	-2.126	-1.965	0.652	2
1123	-0.119	0.486	-0.53	0	.	.	.	.	.	.	.	.
1124	-0.898	0.037	0.074	1	-1.199	-0.133	0.074	5	-1.188	-0.076	-0.645	3
1125	0.099	-1.327	0.469	4	0.082	-1.909	1.041	0	.	.	.	.
1126	-0.769	0.274	0.057	3	-1.061	0.198	0.373	5	-0.586	0.359	-0.015	1
1127	-0.476	-0.492	0.491	1	-0.494	-0.524	0.109	3	-0.702	-0.526	0.539	2
1128	-1.568	-0.289	0.444	0	-0.955	0.346	-0.535	2	.	.	.	.
1129	-0.481	-0.154	0.491	0	-1.34	-0.745	1.357	1	-0.36	-0.626	0.373	0
1130	0.363	0.357	1.357	2	0.618	0.839	0.074	4	0.418	0.747	-0.172	4
1131	0.066	0.749	-0.172	3	0.314	1.105	-0.608	4	0.663	1.183	-0.97	2
1132	0.087	-0.664	0.136	0	.	.	.	.	.	.	.	.
1133	-0.362	-0.302	-0.446	0	.	.	.	.	.	.	.	.
1134	0.829	0.356	-0.505	1	0.259	0.225	0.343	1	.	.	.	.
1135	-0.067	-0.722	1.047	1	0.097	-0.881	-0.135	5	-0.448	-0.87	0.343	2
1136	0.221	0.196	-0.803	0	0.21	-0.042	-0.76	2	-0.18	0.027	-0.986	1
1137	1.393	0.707	-1.32	1	0.523	0.546	0.237	2	1.18	0.617	-0.803	0
1138	-0.617	-0.205	0.313	0	-1.504	-0.579	0.238	0	-0.895	-0.619	1.357	2
1139	-0.354	0.715	-0.088	1	-0.162	0.212	-0.865	3	.	.	.	.
1140	1.543	1.07	-0.689	2	1.201	1.528	-0.803	5	1.354	1.535	-0.535	6
1141	-1.277	-0.124	-1.422	3	-0.268	-1.722	1.482	0	-0.39	-1.639	1.482	3
1142	-0.189	0.575	1.357	2	0.241	0.636	0.238	4	-0.018	0.799	-0.088	5
1143	-1.475	-1.499	0.238	1	-0.633	-1.014	0.403	0	.	.	.	.
1144	1.654	0.731	-1.054	5	1.67	0.846	-0.689	3	1.481	0.931	-0.97	3
1145	0.233	0.102	0.361	2	-1.338	-0.519	0.343	5	-0.684	-0.58	1.047	5
1146	0.146	-1.273	0.809	2	.	.	.	.	-0.09	-1.362	1.166	2
1147	1.445	-1.258	0.809	2	1.468	-0.926	1.151	4	0.923	-0.958	-1.266	2
1148	0.469	1.299	0.343	3	0.065	0.856	-0.015	3	0.551	0.815	0.343	3
1149	1.633	0.37	-0.803	1	1.65	-0.048	-0.345	3	.	.	.	.
1150	-0.208	-0.758	-0.015	1	0.97	-1.798	0.525	0	1.172	-1.748	0.361	0
1151	1.366	0.821	0.968	4	.	.	.	.	.	.	.	.
1152	-0.901	-0.552	0.469	2	0.742	-0.507	-0.35	1	0.475	-0.269	0.071	2
1153	-0.389	0.458	0.984	2	0.51	0.27	-0.015	1	0.306	0.441	-0.416	2
1154	1.102	0.066	0.968	0	.	.	.	.	0.262	0.417	0.491	0
1155	-0.313	0.566	0.469	0	-0.029	0.445	-0.017	0	0.181	0.366	0.856	3
1156	0.857	0.41	-0.175	0	0.363	0.447	-0.446	2	0.562	0.333	-0.015	2
1157	0.162	-0.432	0.718	3	.	.	.	.	0.24	-0.137	0.238	1
1158	-0.721	0.416	0.941	2	.	.	.	.	.	.	.	.
1159	-0.903	-1.702	1.357	1	-1.773	-1.845	1.151	0	-1.727	-1.911	1.482	0
1160	1.366	-0.094	-0.35	3	.	.	.	.	.	.	.	.
1161	1.366	-0.345	-0.505	2	.	.	.	.	.	.	.	.
1162	-0.329	0.501	0.491	0	-0.619	0.886	-0.175	1	-0.2	0.886	-0.446	1
1163	.	0.178	0.469	2	.	.	.	.	.	.	.	.
1164	0.188	0.143	-0.088	3	1.267	0.676	-0.088	3	0.831	0.577	-1.32	4
1165	0.723	0.653	-0.803	1	0.792	1.295	-0.803	1	0.726	1.213	-0.015	3
1166	-0.189	0.595	-0.253	1	0.327	0.782	-0.608	1	-0.252	0.735	0.237	0
1167	0.898	0.06	-0.803	4	1.606	0.538	-0.865	5	1.628	0.372	-1.054	3
1168	0.793	0.952	-0.729	2	1.149	0.942	-0.432	5	1.48	1	-0.885	4
1169	0.489	0.32	-0.681	2	1.29	0.424	-0.328	1	0.77	0.256	-0.803	0
1170	1.419	1.002	-1.422	4	1.443	1.254	-1.32	5	0.847	1.219	-1.32	3
1171	1.049	-0.021	-0.736	0	.	.	.	.	.	.	.	.
1172	0.348	0.645	-0.535	2	0.264	0.159	0.074	3	.	.	.	.
1173	-0.054	0.628	-0.535	1	-0.183	0.083	-0.811	0	0.721	-0.29	0.968	2
1174	1.466	0.929	-0.35	1	1.488	1.605	-1.32	0	0.988	1.598	-1.054	0
1175	-0.269	0.914	0.856	1	-1.294	0.974	-1.422	4	-0.287	0.759	-0.803	1
1176	1.633	-1.325	0.809	0	1.65	-1.054	0.809	5	.	.	.	.
1177	0.671	1.501	-0.175	3	0.664	1.004	0.444	4	1.326	1.168	-0.015	2
1178	.	0.006	0.553	0	.	.	.	.	.	.	.	.
1179	-0.685	0.759	-0.736	0	.	.	.	.	.	.	.	.
1180	0.173	1.136	-0.865	1	-0.648	1.407	-0.328	3	0.876	1.497	-1.32	3
1181	1.317	1.068	-1.266	2	0.664	0.795	0.551	1	.	.	.	.
1182	0.396	1.636	-0.535	1	1.261	0.849	-0.35	2	.	.	.	.
1183	0.754	-1.877	0.59	1	0.955	-2.256	0.361	2	1.421	-2.285	-0.432	6
1184	-0.052	0.952	-1.054	0	-0.577	1.064	-0.446	1	0.133	1.111	-0.015	1
1185	0.393	0.321	-0.088	0	0.426	0.366	0.491	0	0.004	0.278	0.116	2
1186	0.501	0.702	0.071	0	-1.192	0.937	0.242	3	.	.	.	.
1187	0.116	-0.763	-0.015	3	.	.	.	.	.	.	.	.
1188	-1.06	-2.057	0.317	0	-0.988	-2.201	0.704	1	-1.576	-1.99	1.166	1
1189	1.366	1.537	-1.266	0	.	.	.	.	.	.	.	.
1190	0.56	1.121	-1.054	2	0.138	0.917	-0.345	2	-0.619	0.947	-0.094	2
1191	0.584	1.1	-1.266	3	1.526	1.191	-0.885	3	1.52	1.126	-1.422	2
1192	0.405	-0.786	-1.422	0	-1.489	-1.283	1.482	4	-1.32	-1.251	-0.35	0
1193	0.121	-0.815	1.166	1	1.178	0.152	-1.32	3	.	.	.	.
1194	-0.402	0.186	-0.328	0	-0.214	-0.679	-0.403	1	0.832	-0.499	0.794	1
1195	1.705	0.93	-1.32	1	1.323	0.988	-0.535	3	1.781	0.918	-0.608	3
1196	1.366	0.748	-1.422	4	.	.	.	.	.	.	.	.
1197	1.205	0.479	-1.266	3	0.182	0.302	-1.002	4	0.709	0.379	-1.154	5
1198	0.021	0.623	-0.036	1	-0.44	0.034	-0.175	1	0.433	0.077	0.442	1
1199	0.444	0.601	0.188	3	0.637	0.612	-0.015	3	.	.	.	.
1200	0.331	0.193	-0.608	2	.	.	.	.	.	.	.	.
